0.426287;0.000391;0.002328;0.000414;0.103715;0.304758;0.003097;0.002212;0.000570;0.019164;0.003708;0.065374;0.064789;0.000486;0.002707
0.352332;0.000793;0.006375;0.000850;0.179706;0.316180;0.007252;0.004657;0.000940;0.009493;0.009898;0.015368;0.087604;0.001142;0.007408
0.155574;0.000485;0.006132;0.000626;0.283578;0.435650;0.006363;0.003685;0.000566;0.004445;0.002985;0.014394;0.082124;0.000532;0.002859
0.452061;0.000847;0.002955;0.000724;0.097359;0.164576;0.007181;0.003592;0.000918;0.002985;0.016092;0.137016;0.110242;0.000888;0.002564
0.077904;0.000602;0.011846;0.000645;0.164049;0.275684;0.037819;0.002360;0.000692;0.017325;0.008736;0.245623;0.152125;0.000559;0.004033
0.091580;0.000426;0.011130;0.000521;0.197289;0.455439;0.022160;0.002002;0.000543;0.025691;0.004997;0.057838;0.124332;0.000485;0.005567
0.360612;0.001219;0.010749;0.000710;0.071157;0.107667;0.010672;0.005707;0.003931;0.021053;0.049519;0.234784;0.112296;0.001859;0.008065
0.171870;0.004389;0.005757;0.002279;0.140047;0.013655;0.007953;0.015439;0.004132;0.003506;0.072477;0.358508;0.188789;0.002289;0.008910
0.180828;0.005980;0.007970;0.003241;0.121000;0.009548;0.012763;0.020771;0.003961;0.003858;0.067511;0.271338;0.277858;0.003330;0.010044
0.428494;0.002294;0.018707;0.001748;0.079842;0.126046;0.019371;0.027323;0.003367;0.014329;0.121261;0.041756;0.098084;0.002570;0.014807
0.446442;0.001215;0.005906;0.001122;0.188720;0.204407;0.004672;0.004307;0.001489;0.014001;0.011321;0.025816;0.082798;0.001371;0.006412
0.500706;0.001017;0.003567;0.000603;0.109532;0.116673;0.002820;0.005267;0.002935;0.030392;0.021963;0.126436;0.073379;0.000923;0.003787
0.413999;0.000627;0.008609;0.000554;0.073009;0.274712;0.005549;0.002654;0.001480;0.029288;0.010187;0.068347;0.103147;0.001045;0.006792
0.327377;0.000826;0.008399;0.000583;0.042549;0.240239;0.012734;0.010548;0.005117;0.086056;0.038603;0.165055;0.053714;0.000806;0.007394
0.430393;0.000995;0.002437;0.000646;0.100660;0.091641;0.002550;0.002478;0.002298;0.042029;0.005306;0.240321;0.073119;0.001192;0.003936
0.720359;0.000077;0.000115;0.000079;0.016479;0.231597;0.000104;0.000476;0.000152;0.011050;0.000346;0.010168;0.008614;0.000074;0.000310
0.689898;0.000095;0.000248;0.000107;0.019370;0.243052;0.000303;0.000485;0.000210;0.005400;0.000993;0.021428;0.017838;0.000108;0.000464
0.473604;0.001281;0.004694;0.000776;0.027759;0.080491;0.010067;0.006004;0.006357;0.029862;0.050869;0.235927;0.064638;0.002205;0.005468
0.037854;0.005266;0.057103;0.003857;0.040458;0.011240;0.400670;0.040470;0.003989;0.006416;0.121412;0.183166;0.070718;0.003882;0.013499
0.044805;0.004407;0.022743;0.001524;0.008299;0.005305;0.048021;0.298726;0.009461;0.012487;0.429800;0.087103;0.014778;0.002228;0.010313
0.064205;0.004171;0.021859;0.001468;0.105799;0.014702;0.030010;0.019409;0.006118;0.019734;0.068026;0.484216;0.149670;0.002131;0.008481
0.289555;0.001377;0.001884;0.000786;0.074948;0.020677;0.003222;0.006256;0.001694;0.003175;0.032772;0.419820;0.140384;0.000585;0.002866
0.191203;0.013418;0.006809;0.002019;0.040268;0.008472;0.007334;0.010248;0.051117;0.003846;0.117900;0.410261;0.126079;0.006520;0.004508
0.611954;0.000782;0.002062;0.000477;0.068971;0.048751;0.001676;0.005254;0.001536;0.013637;0.011789;0.131003;0.099503;0.000630;0.001975
0.713567;0.010023;0.001184;0.007965;0.034313;0.003976;0.001229;0.000931;0.004648;0.018218;0.000938;0.042700;0.099552;0.048208;0.012549
0.739144;0.033476;0.000981;0.005745;0.015089;0.001373;0.001037;0.000811;0.015321;0.003073;0.000992;0.079768;0.054573;0.046800;0.001817
0.227566;0.026511;0.003751;0.004527;0.022592;0.005266;0.003331;0.003112;0.208930;0.022424;0.006476;0.323541;0.085127;0.051026;0.005820
0.402511;0.007559;0.001013;0.001820;0.030969;0.003965;0.001007;0.001033;0.044613;0.008264;0.001870;0.409505;0.073166;0.010900;0.001804
0.318537;0.017648;0.000862;0.001728;0.010227;0.001732;0.000645;0.001036;0.520086;0.011127;0.002503;0.071476;0.016480;0.024486;0.001426
0.652371;0.052241;0.001911;0.026088;0.030084;0.002565;0.002001;0.001256;0.007006;0.006847;0.001508;0.036498;0.065129;0.099929;0.014568
0.242142;0.003955;0.001194;0.002677;0.137018;0.007278;0.001183;0.000579;0.004974;0.036122;0.001372;0.218422;0.307851;0.029212;0.006022
0.686087;0.001972;0.000968;0.000811;0.022722;0.008244;0.000450;0.001296;0.025236;0.159483;0.001409;0.024919;0.045935;0.016855;0.003614
0.709171;0.011117;0.000728;0.002170;0.015829;0.001996;0.000578;0.000871;0.021438;0.035124;0.000833;0.047645;0.066926;0.077919;0.007655
0.679341;0.003362;0.000853;0.001228;0.030090;0.004393;0.000601;0.000765;0.013654;0.112369;0.000821;0.076964;0.053114;0.015753;0.006691
0.732986;0.000901;0.000569;0.000397;0.009546;0.030941;0.000370;0.001870;0.029763;0.154094;0.001349;0.018275;0.014802;0.002633;0.001505
0.682853;0.004934;0.001049;0.001476;0.035413;0.005946;0.000572;0.001280;0.024489;0.105460;0.001105;0.014917;0.064848;0.043915;0.011742
0.764523;0.004192;0.000600;0.000811;0.019051;0.004075;0.000377;0.000984;0.046158;0.037922;0.001411;0.050466;0.048086;0.019157;0.002186
0.198212;0.025955;0.004022;0.004167;0.012756;0.006499;0.002983;0.007704;0.387534;0.108483;0.005166;0.025292;0.019040;0.162613;0.029574
0.599759;0.016863;0.001707;0.002668;0.031427;0.003897;0.001242;0.001946;0.051027;0.074212;0.001842;0.039946;0.091151;0.062799;0.019515
0.360283;0.009901;0.005869;0.002044;0.034315;0.006249;0.002625;0.003733;0.161244;0.078194;0.013918;0.087289;0.131366;0.082931;0.020038
0.518166;0.031062;0.001758;0.003342;0.016357;0.002311;0.001295;0.002204;0.082708;0.044130;0.002329;0.063145;0.074558;0.143155;0.013479
0.370861;0.004239;0.000948;0.000814;0.009467;0.007480;0.000579;0.001991;0.408877;0.025589;0.002643;0.120738;0.032863;0.010358;0.002553
0.533375;0.001869;0.002780;0.000656;0.041174;0.022698;0.001045;0.002351;0.026530;0.057907;0.003547;0.204890;0.087726;0.003928;0.009523
0.758065;0.000515;0.000664;0.000414;0.041279;0.114391;0.000575;0.001122;0.001869;0.016071;0.001070;0.031318;0.029481;0.000918;0.002249
0.861324;0.000111;0.000212;0.000086;0.005143;0.077045;0.000161;0.000304;0.001396;0.010870;0.000876;0.033506;0.008089;0.000339;0.000539
0.899045;0.000358;0.000410;0.000153;0.009019;0.022869;0.000201;0.001381;0.005959;0.016161;0.002153;0.026947;0.013104;0.001041;0.001200
0.484934;0.000168;0.001613;0.000218;0.026474;0.416050;0.004428;0.000700;0.000200;0.002537;0.002293;0.019698;0.039362;0.000274;0.001052
0.873997;0.000547;0.000298;0.000212;0.013342;0.024243;0.000210;0.000948;0.007760;0.029096;0.001205;0.033754;0.011817;0.001294;0.001277
0.859588;0.004215;0.002190;0.000836;0.015219;0.005047;0.001020;0.008075;0.015488;0.013364;0.020463;0.013524;0.024992;0.009397;0.006582
0.141768;0.001970;0.014050;0.001140;0.197748;0.019751;0.030386;0.007485;0.001474;0.005791;0.049576;0.173322;0.341628;0.001757;0.012155
0.040127;0.000908;0.016086;0.001106;0.261706;0.042063;0.082011;0.003389;0.000967;0.005325;0.009511;0.109407;0.420904;0.000883;0.005606
0.166425;0.002648;0.036319;0.002725;0.150445;0.061125;0.111150;0.012017;0.002839;0.007193;0.081434;0.051956;0.291716;0.003446;0.018560
0.050364;0.004979;0.045669;0.002448;0.074670;0.011499;0.103629;0.031326;0.003885;0.005746;0.381106;0.111467;0.156007;0.002865;0.014340
0.315628;0.063334;0.005004;0.004199;0.099879;0.002075;0.002388;0.003902;0.031392;0.011839;0.008084;0.144724;0.218165;0.077347;0.012039
0.505900;0.001849;0.005907;0.000868;0.030852;0.118258;0.003478;0.010008;0.045009;0.144567;0.022780;0.062030;0.033808;0.003636;0.011051
0.727560;0.000635;0.002150;0.000406;0.022681;0.102092;0.001386;0.005334;0.007207;0.059108;0.009262;0.027668;0.026200;0.001492;0.006819
0.536038;0.002248;0.011521;0.002239;0.136207;0.143614;0.011035;0.007425;0.002604;0.009202;0.022033;0.008272;0.089552;0.004750;0.013260
0.456081;0.002230;0.009233;0.002374;0.123358;0.283701;0.008890;0.005771;0.002781;0.009209;0.011617;0.006683;0.065069;0.003645;0.009359
0.324762;0.000165;0.002700;0.000208;0.025307;0.576960;0.004799;0.001941;0.000273;0.021448;0.002798;0.002920;0.029806;0.000314;0.005600
0.949895;0.000184;0.000144;0.000084;0.002295;0.014993;0.000072;0.000585;0.002160;0.018126;0.000676;0.004707;0.003918;0.001559;0.000601
0.393491;0.000691;0.002399;0.000598;0.058602;0.360679;0.001936;0.001540;0.001738;0.045086;0.003275;0.073384;0.053738;0.000765;0.002079
0.475353;0.002396;0.001008;0.000791;0.021459;0.015259;0.000808;0.001816;0.056134;0.069695;0.001462;0.309848;0.038021;0.003676;0.002275
0.315115;0.004911;0.002997;0.001256;0.063317;0.012642;0.001440;0.004487;0.142119;0.174237;0.005108;0.170428;0.080383;0.008121;0.013440
0.339330;0.000923;0.001455;0.000713;0.072646;0.108762;0.000990;0.001153;0.006686;0.049501;0.001742;0.334395;0.078927;0.001106;0.001671
0.265803;0.000740;0.001091;0.000521;0.033985;0.072221;0.000877;0.000890;0.005365;0.016715;0.002169;0.513833;0.083549;0.000866;0.001374
0.408497;0.001332;0.001972;0.001143;0.036584;0.306912;0.002592;0.001786;0.002833;0.012263;0.002918;0.174299;0.043422;0.001483;0.001967
0.266220;0.000268;0.001640;0.000291;0.045328;0.570227;0.001107;0.000957;0.000644;0.029492;0.001460;0.034312;0.046642;0.000268;0.001145
0.468472;0.000881;0.001718;0.000470;0.021957;0.084580;0.000887;0.001377;0.011618;0.025327;0.003996;0.310121;0.065409;0.001245;0.001944
0.364738;0.000867;0.000628;0.000438;0.030996;0.032079;0.000361;0.000594;0.009575;0.025735;0.000747;0.479604;0.051577;0.000819;0.001242
0.416023;0.003797;0.000891;0.001068;0.021970;0.005450;0.000849;0.000978;0.052414;0.008059;0.001448;0.435597;0.046599;0.003550;0.001308
0.498020;0.001380;0.000791;0.000524;0.017494;0.022700;0.000678;0.002841;0.063943;0.029738;0.003733;0.325302;0.030474;0.001200;0.001183
0.431966;0.000706;0.002292;0.000535;0.023458;0.278157;0.002299;0.002345;0.006001;0.050635;0.003944;0.146751;0.047968;0.001018;0.001925
0.454319;0.000500;0.002690;0.000366;0.029821;0.332310;0.001949;0.004177;0.005658;0.068171;0.005465;0.053914;0.037731;0.000740;0.002190
0.418248;0.000157;0.002092;0.000147;0.018575;0.481675;0.001820;0.001072;0.000529;0.028403;0.002422;0.016006;0.026512;0.000257;0.002086
0.622630;0.000380;0.001557;0.000280;0.025140;0.153673;0.000980;0.002509;0.002011;0.099954;0.002782;0.055958;0.029575;0.000532;0.002037
0.471103;0.001381;0.002317;0.000696;0.017513;0.076585;0.001202;0.004244;0.084607;0.153271;0.008419;0.144593;0.029479;0.002055;0.002534
0.331355;0.000100;0.000998;0.000086;0.010777;0.605033;0.000899;0.001268;0.000439;0.020615;0.001211;0.011875;0.014572;0.000106;0.000667
0.058945;0.000035;0.001516;0.000063;0.021163;0.891848;0.001441;0.000267;0.000040;0.011081;0.000206;0.001283;0.011371;0.000035;0.000708
0.421984;0.000540;0.003378;0.000539;0.023418;0.356097;0.004984;0.001098;0.001064;0.036270;0.002749;0.092602;0.051997;0.000791;0.002487
0.692826;0.000223;0.000765;0.000212;0.013056;0.120547;0.000569;0.000937;0.001847;0.101708;0.001174;0.047297;0.016932;0.000538;0.001369
0.438547;0.000735;0.001498;0.000714;0.028407;0.301630;0.002199;0.001352;0.001473;0.015087;0.002705;0.158631;0.044370;0.000843;0.001810
0.368179;0.000168;0.000958;0.000178;0.044300;0.528206;0.000875;0.000624;0.000262;0.014353;0.000886;0.013042;0.026664;0.000192;0.001114
0.082630;0.000025;0.000267;0.000067;0.038579;0.859500;0.000261;0.000081;0.000026;0.002576;0.000055;0.001345;0.014408;0.000022;0.000158
0.484685;0.000071;0.000405;0.000094;0.011920;0.468006;0.000369;0.000283;0.000131;0.008847;0.000383;0.007738;0.016500;0.000122;0.000446
0.036689;0.000023;0.002179;0.000048;0.016462;0.914848;0.004580;0.000290;0.000036;0.008158;0.000228;0.001701;0.014272;0.000022;0.000464
0.435309;0.000128;0.000465;0.000133;0.013245;0.505099;0.000368;0.001133;0.000365;0.029274;0.000529;0.001608;0.010866;0.000295;0.001182
0.195420;0.000179;0.004666;0.000231;0.053754;0.675646;0.005329;0.001806;0.000297;0.009452;0.002003;0.003610;0.044247;0.000353;0.003006
0.100557;0.000074;0.002296;0.000121;0.034830;0.829181;0.002440;0.000647;0.000098;0.011428;0.000402;0.001286;0.015313;0.000107;0.001220
0.070237;0.000078;0.002501;0.000155;0.079048;0.783821;0.002689;0.000343;0.000090;0.003577;0.000377;0.004028;0.052092;0.000078;0.000887
0.079673;0.000022;0.001405;0.000047;0.013220;0.885235;0.001748;0.000299;0.000032;0.006193;0.000186;0.000792;0.010636;0.000023;0.000489
0.109070;0.000768;0.029327;0.000750;0.054569;0.629702;0.043761;0.010883;0.001587;0.028846;0.026454;0.008467;0.042491;0.000857;0.012469
0.415949;0.001013;0.001559;0.000855;0.019486;0.193904;0.001709;0.001343;0.003823;0.013172;0.002802;0.292867;0.048611;0.001244;0.001662
0.110663;0.000283;0.001517;0.000342;0.059632;0.569395;0.003333;0.000502;0.000473;0.007728;0.000573;0.145661;0.098392;0.000270;0.001235
0.153613;0.000741;0.006455;0.000676;0.022458;0.225163;0.010493;0.002140;0.004067;0.053234;0.007140;0.436902;0.072750;0.000812;0.003358
0.614981;0.002371;0.000447;0.002044;0.107938;0.007759;0.000409;0.000401;0.002172;0.029560;0.000393;0.086925;0.131111;0.009825;0.003664
0.290995;0.000544;0.000171;0.000328;0.009393;0.013149;0.000163;0.000308;0.004889;0.005418;0.000423;0.642300;0.030870;0.000491;0.000557
0.330334;0.001313;0.006523;0.000859;0.071776;0.366704;0.005244;0.004205;0.007580;0.058637;0.012410;0.064414;0.064068;0.001749;0.004184
0.487494;0.000331;0.000782;0.000304;0.040251;0.368019;0.000812;0.001386;0.001003;0.011902;0.002399;0.047721;0.036544;0.000314;0.000737
0.041161;0.000018;0.001064;0.000050;0.025485;0.909780;0.000978;0.000110;0.000017;0.002202;0.000104;0.002084;0.016736;0.000011;0.000200
0.079080;0.000099;0.002028;0.000147;0.057142;0.786699;0.003255;0.000313;0.000118;0.006044;0.000518;0.012636;0.051123;0.000078;0.000719
0.324110;0.002008;0.003283;0.001871;0.027496;0.300214;0.004704;0.002594;0.003696;0.010329;0.004496;0.240717;0.068934;0.002320;0.003229
0.500056;0.000547;0.000756;0.000422;0.021060;0.076080;0.000583;0.000611;0.005681;0.032349;0.001060;0.307555;0.050283;0.000859;0.002099
0.487100;0.002307;0.002097;0.001099;0.045370;0.033555;0.001311;0.001482;0.032509;0.080535;0.001860;0.223903;0.075817;0.006250;0.004805
0.462151;0.002967;0.002151;0.001548;0.070699;0.016629;0.001238;0.001094;0.017036;0.136232;0.001519;0.149594;0.114332;0.013274;0.009538
0.854272;0.000456;0.000307;0.000233;0.003976;0.018500;0.000240;0.001737;0.011626;0.079942;0.000719;0.017459;0.007794;0.001131;0.001609
0.455547;0.001124;0.003110;0.000564;0.036178;0.056424;0.001164;0.001862;0.027119;0.150600;0.004041;0.205065;0.049259;0.002180;0.005763
0.642543;0.001366;0.001747;0.000806;0.017251;0.034271;0.001259;0.003073;0.030766;0.125783;0.002798;0.093397;0.032960;0.004785;0.007195
0.466294;0.001494;0.001631;0.000588;0.014112;0.019153;0.000775;0.001540;0.108414;0.075571;0.005200;0.259467;0.037576;0.004249;0.003935
0.325033;0.001278;0.001176;0.000903;0.096110;0.025356;0.000725;0.000409;0.004698;0.041220;0.000705;0.345599;0.149381;0.003226;0.004181
0.385466;0.000975;0.002433;0.000557;0.018948;0.094487;0.001484;0.003960;0.042250;0.055534;0.014038;0.340863;0.034504;0.001096;0.003404
0.678902;0.000644;0.001055;0.000475;0.027117;0.092571;0.000770;0.001857;0.008301;0.058922;0.001799;0.088389;0.035785;0.000985;0.002428
0.671839;0.000925;0.000955;0.000433;0.010675;0.036243;0.000649;0.001132;0.027868;0.038681;0.001776;0.171443;0.033072;0.002670;0.001638
0.271675;0.000617;0.001972;0.000440;0.013020;0.093267;0.001670;0.001745;0.013098;0.064903;0.003527;0.492876;0.037135;0.000747;0.003309
0.443228;0.008921;0.002581;0.002718;0.082821;0.009778;0.001808;0.002496;0.054625;0.134855;0.002230;0.105573;0.106846;0.025493;0.016028
0.000011;0.986459;0.000493;0.000311;0.000027;0.000004;0.000033;0.000861;0.006996;0.000023;0.000155;0.000216;0.000214;0.004079;0.000116
0.000009;0.984902;0.000007;0.009361;0.000005;0.000001;0.000003;0.000305;0.000736;0.000011;0.000002;0.000003;0.000016;0.004521;0.000120
0.000007;0.992175;0.000173;0.000403;0.000019;0.000002;0.000016;0.001333;0.003220;0.000021;0.000041;0.000030;0.000062;0.002255;0.000242
0.000312;0.868114;0.000196;0.047350;0.000238;0.000042;0.000099;0.001348;0.002012;0.000254;0.000065;0.000089;0.000881;0.074060;0.004941
0.000681;0.698188;0.000211;0.236802;0.000297;0.000075;0.000125;0.000490;0.002080;0.000632;0.000079;0.000162;0.000689;0.050033;0.009456
0.000555;0.886036;0.000104;0.044687;0.000230;0.000034;0.000073;0.000375;0.003467;0.000220;0.000047;0.000186;0.000865;0.060499;0.002622
0.008384;0.333615;0.010899;0.005670;0.006078;0.003719;0.003997;0.043455;0.245426;0.017937;0.013092;0.009608;0.010632;0.220736;0.066752
0.000484;0.809400;0.000475;0.002893;0.000394;0.000083;0.000189;0.002034;0.029038;0.000634;0.000270;0.000746;0.001827;0.148145;0.003388
0.000601;0.699832;0.000304;0.009864;0.000326;0.000036;0.000175;0.000603;0.011726;0.000724;0.000098;0.000332;0.001386;0.267427;0.006565
0.004685;0.273381;0.009839;0.003935;0.004017;0.002135;0.002428;0.019210;0.184996;0.016067;0.008020;0.005827;0.006970;0.376605;0.081886
0.001273;0.824643;0.000348;0.018132;0.000442;0.000094;0.000207;0.003777;0.015927;0.000585;0.000227;0.000281;0.001254;0.116451;0.016359
0.000670;0.872152;0.000449;0.005659;0.000409;0.000169;0.000237;0.012135;0.018337;0.001200;0.000250;0.000352;0.001030;0.069979;0.016972
0.001505;0.072332;0.041654;0.002012;0.001797;0.001175;0.003929;0.054255;0.123145;0.010531;0.015271;0.001653;0.002266;0.626868;0.041608
0.004837;0.181476;0.074911;0.005169;0.005657;0.003804;0.008965;0.175949;0.234279;0.008624;0.040397;0.004882;0.005880;0.214186;0.030984
0.003686;0.241166;0.020331;0.003019;0.007052;0.001586;0.004938;0.014738;0.522618;0.021034;0.019050;0.040159;0.012957;0.075291;0.012375
0.010326;0.457104;0.006964;0.004232;0.017723;0.001185;0.003047;0.002416;0.195783;0.007557;0.006523;0.154039;0.047768;0.080636;0.004695
0.004912;0.306560;0.010683;0.003668;0.006619;0.001190;0.003973;0.003576;0.339175;0.017292;0.011902;0.102418;0.022072;0.158702;0.007256
0.003383;0.197686;0.033895;0.002843;0.009591;0.001586;0.010326;0.010740;0.532663;0.027675;0.017954;0.065142;0.019553;0.056271;0.010692
0.000508;0.896813;0.000096;0.043907;0.000168;0.000033;0.000064;0.000489;0.004714;0.000220;0.000044;0.000141;0.000541;0.049195;0.003070
0.000050;0.968373;0.000013;0.023709;0.000023;0.000005;0.000009;0.000045;0.000688;0.000030;0.000005;0.000017;0.000080;0.006870;0.000082
0.000060;0.966372;0.000031;0.006636;0.000039;0.000003;0.000016;0.000180;0.002036;0.000089;0.000007;0.000031;0.000173;0.023693;0.000636
0.039886;0.310862;0.000603;0.344808;0.001953;0.000569;0.000592;0.000574;0.006380;0.001747;0.000451;0.001780;0.008046;0.266354;0.015395
0.017181;0.417638;0.000385;0.007640;0.002418;0.000186;0.000317;0.000308;0.039455;0.001058;0.000477;0.004867;0.013280;0.491228;0.003561
0.006256;0.591959;0.003479;0.004688;0.006756;0.000753;0.001672;0.020282;0.140499;0.005870;0.002214;0.013848;0.026001;0.134776;0.040946
0.136604;0.220193;0.002401;0.050815;0.013638;0.002162;0.002261;0.001707;0.011926;0.012141;0.001753;0.016243;0.038924;0.411881;0.077350
0.024964;0.778757;0.000489;0.057510;0.001582;0.000342;0.000478;0.000702;0.011479;0.001922;0.000334;0.002682;0.009207;0.090735;0.018815
0.117087;0.172316;0.002276;0.421822;0.006508;0.002447;0.002182;0.002326;0.009086;0.004659;0.002001;0.005972;0.018184;0.147226;0.085908
0.026508;0.444191;0.003152;0.206558;0.005974;0.003568;0.003065;0.004611;0.012660;0.006718;0.002895;0.006562;0.011017;0.082461;0.180061
0.153436;0.327959;0.003792;0.064853;0.016069;0.003528;0.003553;0.003549;0.016166;0.018004;0.002994;0.018169;0.056384;0.165430;0.146115
0.004422;0.667529;0.001094;0.025680;0.001972;0.000480;0.000768;0.001796;0.013666;0.003040;0.000608;0.002102;0.006707;0.197216;0.072920
0.000099;0.961482;0.000094;0.002087;0.000080;0.000013;0.000045;0.000476;0.007211;0.000231;0.000038;0.000098;0.000255;0.027373;0.000419
0.000479;0.914513;0.001125;0.002159;0.000464;0.000258;0.000424;0.019937;0.032480;0.001098;0.000629;0.000497;0.000844;0.021903;0.003189
0.004576;0.162003;0.017271;0.003272;0.002878;0.001952;0.004171;0.160093;0.515036;0.005801;0.051011;0.014386;0.004525;0.041993;0.011033
0.002376;0.025626;0.008419;0.000981;0.000829;0.000647;0.002181;0.579575;0.254429;0.007765;0.067406;0.003372;0.001508;0.029130;0.015754
0.014532;0.027994;0.020141;0.003114;0.007081;0.003974;0.005604;0.152984;0.458722;0.039117;0.126693;0.009806;0.009043;0.074466;0.046729
0.004855;0.020111;0.039911;0.001597;0.002916;0.002280;0.010259;0.494280;0.220907;0.020034;0.123714;0.005756;0.003521;0.030859;0.019000
0.001102;0.967368;0.000076;0.013643;0.000131;0.000045;0.000064;0.000286;0.009225;0.000221;0.000060;0.000190;0.000354;0.005786;0.001449
0.000435;0.977662;0.000070;0.005046;0.000114;0.000033;0.000053;0.000845;0.010278;0.000289;0.000064;0.000123;0.000268;0.003567;0.001154
0.003159;0.959580;0.000122;0.009255;0.000328;0.000052;0.000115;0.000280;0.011323;0.000460;0.000103;0.000689;0.001131;0.012093;0.001312
0.000568;0.975482;0.000058;0.002144;0.000194;0.000034;0.000054;0.001013;0.013161;0.000150;0.000090;0.000276;0.000569;0.005769;0.000438
0.000188;0.982443;0.000035;0.002042;0.000118;0.000019;0.000032;0.000878;0.010409;0.000090;0.000037;0.000149;0.000449;0.002586;0.000524
0.006573;0.581945;0.005472;0.003848;0.004035;0.000871;0.001051;0.093961;0.225420;0.003122;0.010202;0.011754;0.008243;0.036248;0.007256
0.000189;0.871754;0.000061;0.065238;0.000122;0.000008;0.000037;0.000620;0.002022;0.000145;0.000013;0.000113;0.000796;0.055364;0.003518
0.000821;0.870365;0.000133;0.065012;0.000320;0.000038;0.000091;0.000183;0.002583;0.000234;0.000050;0.000226;0.001280;0.057492;0.001171
0.005628;0.003112;0.000009;0.984800;0.000014;0.000022;0.000008;0.000020;0.000700;0.000164;0.000007;0.000036;0.000038;0.004186;0.001256
0.001699;0.003415;0.000007;0.988841;0.000009;0.000013;0.000007;0.000012;0.000389;0.000072;0.000006;0.000011;0.000017;0.005246;0.000257
0.001131;0.015316;0.000044;0.966095;0.000084;0.000054;0.000040;0.000073;0.000911;0.000121;0.000039;0.000104;0.000140;0.015467;0.000378
0.003611;0.434443;0.000502;0.486687;0.000673;0.000391;0.000393;0.000748;0.006618;0.001237;0.000355;0.000527;0.000981;0.048018;0.014815
0.004897;0.248932;0.114368;0.005288;0.004679;0.003428;0.016299;0.093077;0.238306;0.010539;0.044858;0.009627;0.005878;0.172107;0.027717
0.001663;0.381552;0.020357;0.002156;0.001505;0.000651;0.003321;0.111106;0.389220;0.001582;0.044681;0.008800;0.002377;0.027014;0.004016
0.001500;0.575916;0.016060;0.002287;0.001464;0.000703;0.002448;0.066170;0.255018;0.001716;0.028695;0.005563;0.002026;0.035055;0.005379
0.001538;0.187121;0.084078;0.001929;0.002250;0.000919;0.008674;0.251198;0.339943;0.003408;0.061708;0.013202;0.003378;0.031480;0.009173
0.002106;0.115697;0.062098;0.002123;0.002784;0.001582;0.011796;0.444185;0.207666;0.004648;0.094590;0.037283;0.004233;0.004954;0.004254
0.000119;0.950400;0.000312;0.001536;0.000419;0.000022;0.000111;0.001041;0.009434;0.000314;0.000058;0.000924;0.003442;0.029364;0.002502
0.000022;0.992234;0.000035;0.000627;0.000023;0.000006;0.000016;0.000432;0.005026;0.000110;0.000021;0.000051;0.000073;0.001233;0.000092
0.000200;0.975346;0.000133;0.002127;0.000110;0.000051;0.000070;0.000616;0.015219;0.000450;0.000076;0.000213;0.000240;0.004567;0.000583
0.000160;0.960791;0.000166;0.001909;0.000141;0.000027;0.000070;0.001152;0.011200;0.000387;0.000095;0.000225;0.000489;0.021896;0.001295
0.000078;0.987454;0.000029;0.002217;0.000040;0.000006;0.000018;0.000284;0.004444;0.000103;0.000013;0.000060;0.000183;0.004752;0.000319
0.000470;0.967683;0.000113;0.010473;0.000167;0.000028;0.000075;0.000410;0.006108;0.000323;0.000068;0.000170;0.000410;0.010909;0.002592
0.004474;0.868754;0.000479;0.016702;0.000833;0.000242;0.000355;0.003356;0.024744;0.001456;0.000444;0.000801;0.001657;0.058790;0.016914
0.001054;0.968691;0.000043;0.015657;0.000070;0.000028;0.000035;0.000358;0.006432;0.000298;0.000027;0.000096;0.000191;0.005834;0.001186
0.001306;0.967151;0.000113;0.005715;0.000174;0.000073;0.000089;0.000932;0.016151;0.000594;0.000107;0.000241;0.000337;0.005758;0.001260
0.000054;0.990029;0.000015;0.001018;0.000020;0.000002;0.000009;0.000058;0.002163;0.000160;0.000007;0.000044;0.000106;0.006246;0.000067
0.000774;0.977313;0.000033;0.009106;0.000058;0.000018;0.000027;0.000203;0.005848;0.000311;0.000021;0.000078;0.000170;0.005208;0.000832
0.000716;0.967846;0.000053;0.008700;0.000093;0.000016;0.000042;0.000207;0.005083;0.000309;0.000035;0.000140;0.000312;0.015888;0.000559
0.000158;0.985168;0.000022;0.004122;0.000027;0.000008;0.000016;0.000448;0.004433;0.000149;0.000015;0.000034;0.000088;0.004816;0.000497
0.000187;0.966230;0.000068;0.003642;0.000074;0.000012;0.000036;0.000226;0.005025;0.000409;0.000029;0.000090;0.000209;0.023260;0.000502
0.000057;0.974994;0.000080;0.001036;0.000043;0.000012;0.000031;0.000614;0.006827;0.000318;0.000047;0.000077;0.000124;0.015575;0.000164
0.000057;0.951121;0.000127;0.001127;0.000067;0.000011;0.000055;0.000803;0.006780;0.000517;0.000035;0.000131;0.000258;0.038693;0.000219
0.000101;0.944318;0.000545;0.001116;0.000219;0.000036;0.000155;0.002544;0.012119;0.001682;0.000100;0.000283;0.000653;0.034393;0.001735
0.000889;0.032792;0.100345;0.000944;0.000932;0.000761;0.006866;0.673670;0.123107;0.002196;0.045465;0.002205;0.001014;0.006452;0.002362
0.000506;0.753410;0.031553;0.001830;0.000716;0.000334;0.002942;0.052194;0.110631;0.001928;0.003894;0.003403;0.001392;0.032444;0.002823
0.000349;0.000354;0.560251;0.000663;0.000860;0.002572;0.331153;0.040256;0.000974;0.010614;0.015627;0.000582;0.001195;0.000716;0.033833
0.000314;0.000869;0.777263;0.000844;0.000652;0.000947;0.103658;0.034703;0.003463;0.004379;0.032271;0.000580;0.001092;0.004953;0.034013
0.000901;0.000761;0.512438;0.000818;0.001867;0.004616;0.098011;0.256973;0.004962;0.018415;0.023143;0.001061;0.002284;0.010023;0.063726
0.000751;0.001318;0.625096;0.001128;0.001692;0.001824;0.157291;0.099656;0.003793;0.005453;0.026449;0.001258;0.002267;0.004793;0.067232
0.000306;0.000872;0.686118;0.000723;0.000581;0.000713;0.103245;0.094315;0.002411;0.002768;0.080025;0.000437;0.000828;0.002273;0.024384
0.000434;0.000657;0.755875;0.000677;0.000744;0.001255;0.060610;0.117393;0.002753;0.006993;0.010364;0.000503;0.000932;0.005632;0.035177
0.000581;0.005437;0.760214;0.001096;0.001006;0.000935;0.078630;0.056480;0.018688;0.004238;0.043221;0.001244;0.002026;0.011208;0.014998
0.000670;0.000705;0.724991;0.000755;0.001177;0.002217;0.047894;0.146829;0.003000;0.007569;0.015576;0.000605;0.001565;0.011620;0.034828
0.000198;0.000698;0.817327;0.000599;0.000346;0.000483;0.023592;0.114024;0.001554;0.001456;0.011175;0.000206;0.000580;0.006567;0.021195
0.000265;0.000972;0.917285;0.000626;0.000381;0.000645;0.015883;0.022388;0.002190;0.003160;0.005475;0.000299;0.000763;0.014248;0.015421
0.000382;0.000531;0.806084;0.000640;0.000825;0.001654;0.044687;0.091791;0.001758;0.005620;0.012438;0.000393;0.000975;0.005179;0.027043
0.000275;0.000575;0.869018;0.000667;0.000595;0.000683;0.075411;0.028314;0.001169;0.003601;0.003900;0.000313;0.000607;0.001984;0.012889
0.000485;0.002202;0.686626;0.000977;0.001048;0.000657;0.080342;0.161571;0.004460;0.001827;0.033717;0.001252;0.001013;0.001577;0.022244
0.001178;0.002167;0.336781;0.001021;0.002068;0.001405;0.204707;0.224604;0.003263;0.003526;0.185715;0.004849;0.003111;0.001746;0.023860
0.000787;0.002824;0.687929;0.001174;0.001791;0.001054;0.135855;0.076353;0.003635;0.003053;0.050638;0.003641;0.002259;0.001904;0.027102
0.001034;0.002876;0.226616;0.001043;0.003989;0.001401;0.281912;0.064383;0.002554;0.003444;0.358923;0.035641;0.005105;0.000820;0.010261
0.000501;0.001743;0.348057;0.000969;0.001478;0.000729;0.439455;0.080282;0.001770;0.002150;0.099365;0.009982;0.002177;0.000698;0.010645
0.000303;0.001537;0.440364;0.000910;0.000833;0.000524;0.470117;0.048907;0.001922;0.001806;0.016349;0.003077;0.000973;0.000619;0.011757
0.000707;0.001468;0.607870;0.001065;0.001649;0.001119;0.227336;0.092015;0.002215;0.002779;0.038246;0.002863;0.001976;0.001107;0.017587
0.000981;0.005034;0.608344;0.001397;0.002165;0.001260;0.150421;0.118656;0.004227;0.002882;0.083425;0.005039;0.002334;0.001526;0.012309
0.001064;0.002339;0.626203;0.001170;0.002510;0.001131;0.217875;0.058540;0.002160;0.004482;0.036971;0.004868;0.003815;0.001665;0.035208
0.001000;0.007312;0.649569;0.001496;0.002351;0.001232;0.138833;0.086126;0.008058;0.003316;0.068345;0.004368;0.002435;0.003250;0.022308
0.000696;0.003191;0.539606;0.001518;0.002125;0.000928;0.346707;0.047096;0.001624;0.001962;0.029127;0.008714;0.002856;0.001012;0.012837
0.001673;0.003299;0.488831;0.001653;0.005236;0.001855;0.316986;0.102881;0.002522;0.004993;0.023012;0.014397;0.008203;0.001513;0.022945
0.004925;0.001402;0.261597;0.001082;0.019830;0.014083;0.354145;0.016153;0.003377;0.054577;0.148670;0.018607;0.025374;0.002791;0.073386
0.003169;0.000844;0.158701;0.001028;0.044457;0.019356;0.565851;0.007279;0.001012;0.026325;0.014371;0.089431;0.045818;0.000685;0.021673
0.004003;0.001874;0.301817;0.001314;0.014332;0.016894;0.368261;0.024185;0.005112;0.023239;0.153844;0.006505;0.016434;0.003212;0.058975
0.000527;0.001074;0.454391;0.000885;0.002809;0.002687;0.421983;0.028383;0.002089;0.004826;0.053754;0.002909;0.003531;0.001099;0.019054
0.001114;0.001230;0.435920;0.000988;0.010590;0.006896;0.437939;0.012641;0.002127;0.022047;0.020074;0.014241;0.011439;0.001329;0.021426
0.001622;0.001733;0.447667;0.001087;0.009233;0.005310;0.369031;0.031742;0.004106;0.017215;0.044897;0.020761;0.010157;0.001746;0.033693
0.001413;0.007645;0.507266;0.001464;0.003694;0.002442;0.194077;0.132714;0.025167;0.011799;0.052551;0.007195;0.005028;0.008303;0.039241
0.000840;0.004724;0.460229;0.000991;0.002147;0.001530;0.082252;0.285126;0.044459;0.016733;0.056694;0.005446;0.002203;0.005631;0.030996
0.000285;0.006336;0.744716;0.001044;0.000509;0.000349;0.035679;0.116795;0.023927;0.001968;0.048667;0.001043;0.000783;0.004390;0.013508
0.000408;0.002740;0.652269;0.000835;0.000748;0.000859;0.052672;0.206315;0.016681;0.004638;0.019014;0.001005;0.001040;0.008842;0.031935
0.000828;0.007111;0.522537;0.001061;0.001844;0.001290;0.047292;0.207236;0.058340;0.011321;0.103521;0.002815;0.002654;0.007470;0.024680
0.000683;0.004324;0.606783;0.001323;0.002933;0.001400;0.216552;0.053854;0.012847;0.007342;0.044535;0.010643;0.003483;0.002602;0.030698
0.000304;0.000558;0.712759;0.000592;0.000507;0.000586;0.101243;0.154215;0.001476;0.001938;0.011973;0.000366;0.000501;0.000744;0.012237
0.000430;0.000667;0.761445;0.000713;0.000818;0.000835;0.128880;0.076994;0.001398;0.004383;0.006878;0.000596;0.000855;0.001550;0.013557
0.000385;0.001099;0.581884;0.000752;0.000859;0.000893;0.151030;0.209287;0.004536;0.004965;0.018812;0.001014;0.001055;0.001886;0.021544
0.000273;0.000463;0.733313;0.000664;0.000491;0.000560;0.106067;0.121865;0.001596;0.002319;0.009219;0.000460;0.000578;0.001324;0.020808
0.000096;0.000545;0.836250;0.000414;0.000129;0.000182;0.019639;0.124440;0.001541;0.000951;0.002981;0.000111;0.000195;0.003181;0.009346
0.000349;0.000496;0.660062;0.000669;0.000667;0.000702;0.251976;0.062370;0.000810;0.003035;0.005650;0.000608;0.000781;0.000807;0.011018
0.000792;0.001821;0.652242;0.001600;0.002080;0.002407;0.044766;0.021956;0.002064;0.017221;0.004577;0.000873;0.004419;0.058699;0.184482
0.002314;0.002776;0.589740;0.002146;0.003293;0.004318;0.024482;0.174113;0.006025;0.017702;0.009525;0.002051;0.003902;0.049486;0.108128
0.002051;0.003698;0.506112;0.002243;0.003666;0.004271;0.035480;0.097342;0.012933;0.048342;0.010563;0.002317;0.005282;0.062598;0.203101
0.000486;0.000955;0.782047;0.001002;0.001226;0.001050;0.029930;0.026357;0.001311;0.007874;0.004228;0.000550;0.001485;0.012589;0.128912
0.000882;0.001218;0.808995;0.001283;0.001591;0.001786;0.021638;0.052629;0.002323;0.007992;0.004553;0.000866;0.002078;0.016837;0.075327
0.000752;0.001033;0.781622;0.001042;0.001446;0.001947;0.037897;0.034735;0.003047;0.016600;0.010093;0.000852;0.001859;0.016405;0.090669
0.000148;0.000073;0.468067;0.000456;0.001750;0.004884;0.501613;0.001366;0.000080;0.005149;0.000274;0.000144;0.002155;0.000106;0.013735
0.000074;0.000033;0.363837;0.000376;0.002122;0.002789;0.618354;0.000693;0.000034;0.001215;0.000237;0.000122;0.002930;0.000033;0.007151
0.000235;0.000098;0.379532;0.000513;0.006325;0.010440;0.574997;0.001025;0.000116;0.004926;0.000716;0.000358;0.008078;0.000114;0.012528
0.006004;0.001520;0.064084;0.001763;0.121513;0.115890;0.572523;0.002167;0.001900;0.008875;0.002495;0.003945;0.089589;0.001751;0.005981
0.000124;0.000049;0.411534;0.000386;0.001571;0.003383;0.565935;0.001408;0.000055;0.002145;0.000377;0.000140;0.001959;0.000058;0.010876
0.000208;0.000081;0.420910;0.000456;0.003418;0.005572;0.543631;0.001537;0.000090;0.005440;0.000381;0.000224;0.004661;0.000106;0.013287
0.014127;0.024103;0.001107;0.054668;0.001397;0.000534;0.000807;0.001275;0.004435;0.002782;0.000800;0.000783;0.002855;0.244212;0.646115
0.002830;0.018007;0.000171;0.244637;0.000134;0.000123;0.000099;0.000750;0.003182;0.001059;0.000058;0.000058;0.000325;0.040840;0.687727
0.002016;0.007669;0.000304;0.918261;0.000239;0.001059;0.000511;0.020615;0.019740;0.003578;0.000207;0.000632;0.000544;0.005213;0.019412
0.008054;0.000138;0.000016;0.984103;0.000032;0.001914;0.000062;0.000721;0.001680;0.001433;0.000015;0.000037;0.000086;0.001194;0.000516
0.006499;0.000335;0.000045;0.972715;0.000057;0.002360;0.000042;0.001367;0.004157;0.002916;0.000042;0.000082;0.000145;0.001168;0.008069
0.005846;0.000852;0.000011;0.939822;0.000012;0.000140;0.000009;0.000205;0.001479;0.000658;0.000010;0.000012;0.000028;0.001872;0.049044
0.004431;0.013857;0.001780;0.347907;0.001948;0.001464;0.001370;0.004482;0.005792;0.003736;0.001239;0.001327;0.002005;0.112663;0.495997
0.004525;0.023474;0.004750;0.086130;0.003587;0.002622;0.002992;0.012211;0.009848;0.006177;0.003595;0.002475;0.003872;0.235930;0.597813
0.002253;0.086866;0.001796;0.018744;0.001569;0.000890;0.001190;0.009481;0.006758;0.002701;0.002035;0.001172;0.002005;0.827629;0.034910
0.002433;0.234678;0.000899;0.679042;0.000912;0.000406;0.000544;0.001063;0.005604;0.001458;0.000501;0.000540;0.001260;0.060099;0.010562
0.000103;0.000533;0.000075;0.004141;0.000054;0.000052;0.000049;0.009433;0.000299;0.000135;0.000061;0.000037;0.000056;0.001545;0.983428
0.000427;0.011638;0.000076;0.319464;0.000063;0.000114;0.000044;0.004364;0.004459;0.000586;0.000039;0.000043;0.000058;0.004541;0.654084
0.023480;0.015048;0.007810;0.571520;0.006491;0.011515;0.006352;0.095840;0.021782;0.013761;0.005341;0.005334;0.007379;0.024356;0.183990
0.006382;0.000153;0.000089;0.972060;0.000082;0.005824;0.000082;0.001598;0.003733;0.003481;0.000160;0.000100;0.000305;0.002677;0.003274
0.001237;0.000594;0.000120;0.855189;0.000119;0.000661;0.000100;0.013896;0.004143;0.001244;0.000088;0.000088;0.000135;0.003524;0.118863
0.003529;0.000972;0.000673;0.924304;0.000547;0.014384;0.000706;0.012022;0.009008;0.015873;0.000578;0.000463;0.000864;0.007742;0.008333
0.001078;0.000647;0.000024;0.610145;0.000007;0.000177;0.000010;0.000825;0.000935;0.000648;0.000006;0.000007;0.000013;0.008504;0.376973
0.001126;0.000220;0.000027;0.983425;0.000036;0.000280;0.000023;0.001797;0.005803;0.001211;0.000022;0.000021;0.000066;0.002611;0.003334
0.005941;0.002681;0.000071;0.307324;0.000052;0.000373;0.000035;0.000643;0.001666;0.001054;0.000029;0.000017;0.000087;0.007123;0.672904
0.002924;0.000300;0.000010;0.988612;0.000019;0.000157;0.000017;0.000359;0.001779;0.000695;0.000010;0.000025;0.000105;0.002068;0.002921
0.002673;0.000054;0.000030;0.984411;0.000038;0.005751;0.000036;0.000764;0.001195;0.002879;0.000056;0.000090;0.000095;0.001406;0.000520
0.002386;0.000078;0.000016;0.984857;0.000033;0.002146;0.000030;0.000894;0.001759;0.001703;0.000042;0.000036;0.000102;0.001013;0.004906
0.001478;0.001494;0.000133;0.554969;0.000022;0.000273;0.000051;0.002234;0.001071;0.000897;0.000039;0.000012;0.000017;0.007625;0.429687
0.023863;0.028685;0.016908;0.433737;0.011583;0.006793;0.010041;0.025770;0.015635;0.015071;0.018852;0.006909;0.011325;0.228773;0.146054
0.012629;0.232005;0.009747;0.193728;0.008126;0.004489;0.005983;0.020457;0.014177;0.009862;0.007583;0.004980;0.008471;0.419442;0.048320
0.011207;0.109089;0.011211;0.194362;0.008635;0.003674;0.006804;0.017967;0.014212;0.011877;0.006709;0.004831;0.011408;0.534682;0.053332
0.001763;0.001450;0.000289;0.793096;0.000156;0.000538;0.000142;0.009589;0.001602;0.001960;0.000098;0.000071;0.000223;0.014211;0.174811
0.002227;0.000473;0.000289;0.139156;0.000106;0.000239;0.000151;0.000278;0.000804;0.000949;0.000124;0.000036;0.000200;0.014338;0.840630
0.009399;0.001030;0.000238;0.810985;0.000106;0.000378;0.000104;0.000349;0.001297;0.001687;0.000080;0.000034;0.000184;0.008682;0.165448
0.001447;0.000313;0.000016;0.987691;0.000015;0.001015;0.000060;0.001211;0.001925;0.001973;0.000030;0.000020;0.000112;0.001306;0.002867
0.001637;0.421134;0.000627;0.451247;0.000612;0.000603;0.000581;0.002692;0.003173;0.001560;0.000469;0.000636;0.001199;0.098369;0.015463
0.003239;0.001648;0.000011;0.978616;0.000021;0.000066;0.000008;0.000059;0.000610;0.000401;0.000008;0.000022;0.000026;0.006229;0.009038
0.001540;0.004853;0.000010;0.982626;0.000012;0.000099;0.000009;0.000370;0.000779;0.000404;0.000008;0.000026;0.000051;0.003186;0.006029
0.001183;0.000127;0.000004;0.994463;0.000006;0.000155;0.000005;0.000250;0.000966;0.000797;0.000005;0.000017;0.000048;0.000982;0.000993
0.003138;0.001777;0.000009;0.979799;0.000010;0.000055;0.000006;0.000030;0.000310;0.000688;0.000005;0.000014;0.000026;0.008525;0.005607
0.003942;0.000432;0.000007;0.974842;0.000009;0.000111;0.000005;0.000044;0.000334;0.000660;0.000006;0.000013;0.000023;0.002393;0.017180
0.005254;0.015149;0.000065;0.833610;0.000153;0.000114;0.000048;0.000159;0.001128;0.000745;0.000034;0.000089;0.000181;0.022586;0.120684
0.155953;0.076106;0.006014;0.171070;0.019631;0.005254;0.005329;0.004829;0.012731;0.009156;0.005157;0.009984;0.029826;0.258348;0.230612
0.014891;0.003704;0.000694;0.079660;0.001374;0.000603;0.000513;0.000799;0.001309;0.003303;0.000383;0.000416;0.003519;0.021317;0.867514
0.002780;0.009256;0.000033;0.940641;0.000068;0.000061;0.000028;0.000102;0.001056;0.000483;0.000021;0.000056;0.000107;0.023070;0.022238
0.002532;0.000088;0.000004;0.984072;0.000020;0.000419;0.000006;0.000168;0.000600;0.000713;0.000006;0.000010;0.000060;0.001118;0.010184
0.004278;0.002110;0.000012;0.962168;0.000026;0.000087;0.000010;0.000092;0.000613;0.000442;0.000010;0.000025;0.000029;0.005221;0.024876
0.003059;0.000490;0.000022;0.792031;0.000109;0.000656;0.000030;0.000205;0.000420;0.002347;0.000017;0.000058;0.000255;0.004793;0.195507
0.003180;0.000533;0.000026;0.932138;0.000092;0.000152;0.000026;0.000075;0.000329;0.000841;0.000013;0.000041;0.000135;0.008462;0.053957
0.002837;0.000926;0.000023;0.925175;0.000047;0.000225;0.000012;0.000212;0.000720;0.000739;0.000013;0.000026;0.000070;0.005681;0.063294
0.002222;0.001843;0.000010;0.980395;0.000023;0.000062;0.000008;0.000069;0.000570;0.000445;0.000008;0.000021;0.000028;0.003776;0.010522
0.010950;0.004833;0.000037;0.846635;0.000061;0.000113;0.000027;0.000129;0.001359;0.000579;0.000022;0.000067;0.000097;0.005882;0.129207
0.001120;0.021371;0.000052;0.449178;0.000072;0.000108;0.000038;0.000917;0.001507;0.000915;0.000020;0.000067;0.000197;0.026232;0.498205
0.000932;0.000563;0.000005;0.990085;0.000007;0.000020;0.000004;0.000038;0.000505;0.000156;0.000004;0.000013;0.000027;0.002188;0.005453
0.002661;0.000356;0.000007;0.981310;0.000011;0.000168;0.000007;0.000160;0.000757;0.000349;0.000007;0.000017;0.000088;0.002332;0.011772
0.011536;0.006616;0.000040;0.680785;0.000089;0.000237;0.000036;0.000405;0.001769;0.000817;0.000031;0.000075;0.000166;0.013804;0.283595
0.006652;0.001155;0.000061;0.959159;0.000162;0.000222;0.000065;0.000085;0.000628;0.000764;0.000040;0.000087;0.000941;0.009779;0.020200
0.021968;0.006218;0.000119;0.510572;0.000345;0.000277;0.000090;0.000197;0.001859;0.001196;0.000059;0.000161;0.000571;0.028067;0.428302
0.018528;0.002440;0.000035;0.944718;0.000087;0.000160;0.000034;0.000071;0.000598;0.000541;0.000027;0.000065;0.000102;0.004979;0.027616
0.001312;0.025854;0.000038;0.907700;0.000047;0.000074;0.000030;0.000378;0.001825;0.000796;0.000023;0.000075;0.000131;0.013653;0.048066
0.002950;0.000714;0.000012;0.944691;0.000022;0.000200;0.000008;0.000082;0.000504;0.000983;0.000009;0.000015;0.000046;0.002984;0.046779
