0.024364;0.000672;0.000197;0.001586;0.437289;0.010128;0.000256;0.000139;0.000337;0.008385;0.000123;0.107714;0.405971;0.001199;0.001640
0.086798;0.001760;0.000530;0.002582;0.314960;0.009331;0.000720;0.000420;0.000941;0.036745;0.000327;0.128633;0.405517;0.004220;0.006517
0.109735;0.010349;0.000472;0.005205;0.292516;0.004465;0.000634;0.000450;0.002526;0.011737;0.000412;0.204797;0.336967;0.015997;0.003738
0.359493;0.010858;0.001124;0.004912;0.108663;0.004888;0.001275;0.001215;0.005696;0.020620;0.001070;0.139431;0.283195;0.052902;0.004657
0.373471;0.032792;0.001806;0.007639;0.143018;0.004299;0.001953;0.001868;0.012034;0.018885;0.001543;0.099731;0.230245;0.057967;0.012750
0.322076;0.016696;0.000669;0.006581;0.352479;0.004124;0.000708;0.001158;0.004517;0.023873;0.000563;0.046375;0.188531;0.018994;0.012656
0.398058;0.000822;0.003596;0.000583;0.147495;0.112065;0.003639;0.006895;0.002276;0.043664;0.011241;0.146578;0.118555;0.000942;0.003589
0.612916;0.001425;0.004651;0.000943;0.048362;0.040512;0.005763;0.024446;0.005644;0.017442;0.076326;0.073279;0.084182;0.001541;0.002568
0.448742;0.009249;0.001209;0.001963;0.053129;0.007560;0.001443;0.003492;0.063607;0.024501;0.002198;0.264930;0.094622;0.015651;0.007705
0.494866;0.001314;0.001741;0.000732;0.032518;0.084200;0.001387;0.005990;0.031252;0.077199;0.003493;0.202881;0.056079;0.002069;0.004278
0.682007;0.000633;0.003087;0.000422;0.029998;0.123152;0.003137;0.006770;0.003790;0.031185;0.013076;0.054094;0.044927;0.001463;0.002259
0.773579;0.002621;0.000854;0.001362;0.022589;0.016663;0.000823;0.003352;0.015404;0.071535;0.000880;0.025493;0.032638;0.012661;0.019547
0.623040;0.032807;0.001705;0.005604;0.032467;0.004955;0.001767;0.004917;0.039322;0.037214;0.001489;0.051282;0.061324;0.069658;0.032450
0.287959;0.020161;0.002415;0.002986;0.082382;0.009171;0.002518;0.005201;0.122059;0.031686;0.003450;0.271392;0.119529;0.028197;0.010894
0.410400;0.003514;0.001044;0.000809;0.022760;0.012706;0.000950;0.002183;0.074326;0.020257;0.001854;0.372529;0.071613;0.003330;0.001725
0.043113;0.021361;0.015606;0.002025;0.153226;0.002746;0.008881;0.026323;0.025555;0.011160;0.019395;0.333557;0.314508;0.014878;0.007666
0.231053;0.007817;0.029222;0.004466;0.086036;0.012254;0.035640;0.095178;0.006832;0.012098;0.207661;0.106219;0.151084;0.005676;0.008763
0.017113;0.003275;0.242378;0.001609;0.008118;0.002830;0.045459;0.445319;0.002391;0.004589;0.193801;0.011044;0.012816;0.002440;0.006819
0.015269;0.001544;0.000340;0.004844;0.447256;0.004148;0.000673;0.000282;0.000644;0.014578;0.000254;0.049785;0.450775;0.004345;0.005264
0.285589;0.024281;0.003862;0.032973;0.153575;0.011979;0.004844;0.004234;0.007586;0.100760;0.003204;0.025907;0.155264;0.069414;0.116528
0.590318;0.013520;0.001405;0.048122;0.104709;0.007667;0.001971;0.001240;0.002915;0.015468;0.001243;0.013039;0.134539;0.033880;0.029963
0.279168;0.042998;0.003259;0.078494;0.047696;0.004813;0.003939;0.004466;0.006178;0.016632;0.002628;0.012579;0.066536;0.102403;0.328211
0.031460;0.017901;0.001572;0.023786;0.013307;0.001408;0.001672;0.002060;0.004734;0.021213;0.000855;0.006043;0.035180;0.515942;0.322865
0.418591;0.021806;0.002177;0.034128;0.056842;0.004256;0.002429;0.002303;0.004478;0.040689;0.001726;0.007756;0.086693;0.114116;0.202009
0.085782;0.033960;0.000569;0.036244;0.003916;0.001370;0.000785;0.002706;0.006419;0.008670;0.000517;0.002772;0.009675;0.225763;0.580852
0.199514;0.150970;0.001240;0.024942;0.009274;0.001328;0.001365;0.001195;0.013356;0.008997;0.000967;0.011532;0.026780;0.513674;0.034865
0.499191;0.031342;0.001956;0.008966;0.070766;0.003399;0.002052;0.001972;0.013288;0.016907;0.001655;0.046007;0.138792;0.147903;0.015804
0.277256;0.067042;0.004493;0.024174;0.152976;0.005964;0.004695;0.004582;0.013259;0.042462;0.003702;0.028311;0.135175;0.157927;0.077982
0.718389;0.032679;0.001059;0.019377;0.013588;0.002583;0.001290;0.001796;0.005578;0.013950;0.000918;0.006078;0.017909;0.090643;0.074162
0.136747;0.065994;0.002812;0.053188;0.017208;0.003709;0.003092;0.003598;0.007454;0.023977;0.002214;0.008775;0.019590;0.092458;0.559183
0.676075;0.001941;0.004573;0.001519;0.059539;0.003408;0.003744;0.026993;0.001829;0.003096;0.048186;0.029801;0.126794;0.003406;0.009096
0.382135;0.010463;0.004847;0.001789;0.103091;0.002911;0.002664;0.019764;0.007971;0.010984;0.011450;0.135215;0.285639;0.013135;0.007941
0.172544;0.052660;0.003131;0.009435;0.106699;0.002079;0.001984;0.007912;0.011671;0.014123;0.001721;0.024907;0.369784;0.173116;0.048235
0.251558;0.013473;0.008151;0.001678;0.042885;0.002926;0.003830;0.019998;0.024533;0.005569;0.068840;0.282941;0.261334;0.008932;0.003352
0.458766;0.058491;0.002521;0.002297;0.027910;0.001749;0.001302;0.014088;0.170100;0.012995;0.007876;0.075634;0.083318;0.071971;0.010982
0.792245;0.011494;0.001192;0.000969;0.021534;0.001660;0.000671;0.019179;0.041781;0.008600;0.012736;0.036798;0.037370;0.009155;0.004617
0.114240;0.000074;0.001685;0.000122;0.050584;0.786173;0.002062;0.002884;0.000251;0.008413;0.000816;0.003173;0.028466;0.000134;0.000923
0.101895;0.000070;0.000704;0.000106;0.031014;0.832596;0.001318;0.000655;0.000104;0.006549;0.000244;0.001209;0.023027;0.000087;0.000423
0.465634;0.000271;0.002649;0.000225;0.013176;0.370190;0.002801;0.004672;0.002244;0.063658;0.007349;0.044465;0.019566;0.000408;0.002690
0.692371;0.000126;0.000289;0.000118;0.010708;0.199534;0.000268;0.001351;0.001592;0.037083;0.000480;0.042565;0.012449;0.000195;0.000872
0.588760;0.000259;0.000795;0.000223;0.020961;0.307195;0.000621;0.003991;0.001518;0.054900;0.001239;0.003905;0.010706;0.000808;0.004120
0.496314;0.000118;0.001290;0.000122;0.005389;0.403774;0.001014;0.001482;0.001013;0.067561;0.001368;0.006149;0.013001;0.000410;0.000995
0.081294;0.000060;0.001325;0.000084;0.042182;0.828697;0.002129;0.002073;0.000150;0.018143;0.000376;0.003054;0.019589;0.000062;0.000780
0.216854;0.000052;0.000408;0.000093;0.036853;0.705667;0.000506;0.000619;0.000122;0.012981;0.000359;0.004492;0.020430;0.000073;0.000493
0.319422;0.000155;0.001790;0.000186;0.038956;0.570993;0.001706;0.001331;0.000337;0.012423;0.001047;0.005686;0.044679;0.000298;0.000991
0.694984;0.000031;0.000049;0.000039;0.005701;0.290481;0.000048;0.000535;0.000157;0.003104;0.000119;0.001132;0.003317;0.000058;0.000244
0.425728;0.000381;0.003271;0.000346;0.014715;0.370548;0.002212;0.006649;0.003567;0.125100;0.004845;0.010833;0.026122;0.001173;0.004511
0.585516;0.000345;0.001248;0.000286;0.014496;0.272496;0.001183;0.002367;0.002171;0.024015;0.003015;0.066965;0.024393;0.000505;0.000998
0.124934;0.000064;0.001843;0.000091;0.029248;0.775929;0.003500;0.002907;0.000244;0.042315;0.000658;0.001296;0.014942;0.000157;0.001874
0.023502;0.000017;0.000943;0.000043;0.053928;0.896070;0.002672;0.000445;0.000028;0.005952;0.000086;0.000928;0.015133;0.000017;0.000235
0.021213;0.000135;0.004830;0.000188;0.132281;0.761752;0.022591;0.002291;0.000182;0.015101;0.000638;0.001397;0.035600;0.000154;0.001649
0.059884;0.000163;0.004108;0.000235;0.113234;0.688317;0.008401;0.002766;0.000403;0.041924;0.001118;0.009946;0.067779;0.000217;0.001505
0.012551;0.000016;0.001202;0.000029;0.034536;0.921424;0.005072;0.000626;0.000027;0.012862;0.000102;0.001228;0.010021;0.000014;0.000289
0.005606;0.000032;0.001407;0.000046;0.124445;0.842666;0.004656;0.000364;0.000025;0.002372;0.000096;0.000491;0.017488;0.000021;0.000285
0.688272;0.000792;0.000754;0.000529;0.024527;0.027468;0.000495;0.002430;0.018359;0.156019;0.001218;0.044343;0.025331;0.002345;0.007119
0.702209;0.002393;0.000605;0.001347;0.079238;0.007930;0.000632;0.001450;0.005513;0.081166;0.000621;0.040899;0.058501;0.005629;0.011865
0.291403;0.000826;0.001950;0.000769;0.019553;0.497562;0.002859;0.001840;0.002030;0.025008;0.002069;0.114124;0.037228;0.000974;0.001805
0.313529;0.000323;0.003143;0.000228;0.031803;0.554881;0.003768;0.006854;0.001570;0.020080;0.004973;0.023669;0.031773;0.000470;0.002936
0.505502;0.000524;0.001758;0.000366;0.034087;0.298278;0.003011;0.008596;0.003593;0.021506;0.007856;0.078184;0.033956;0.000738;0.002046
0.211882;0.000254;0.001680;0.000339;0.158403;0.514942;0.002499;0.001767;0.000400;0.008677;0.001219;0.011416;0.085223;0.000294;0.001005
0.046874;0.000023;0.000384;0.000041;0.011907;0.922144;0.000755;0.000692;0.000073;0.008008;0.000190;0.001374;0.007157;0.000024;0.000354
0.445339;0.001223;0.001354;0.000573;0.023784;0.036774;0.001025;0.002379;0.028807;0.041253;0.001978;0.348818;0.060539;0.002064;0.004089
0.497360;0.000352;0.000895;0.000296;0.027535;0.274259;0.000947;0.002072;0.002027;0.033902;0.001421;0.115719;0.041267;0.000459;0.001488
0.352968;0.000928;0.001490;0.000860;0.078369;0.218921;0.002003;0.001842;0.002991;0.031242;0.001870;0.207263;0.095084;0.001215;0.002953
0.138210;0.000495;0.005434;0.000360;0.041051;0.653083;0.010813;0.008828;0.003289;0.067298;0.008795;0.030651;0.027977;0.000616;0.003099
0.637965;0.000901;0.001034;0.000449;0.030230;0.066030;0.000828;0.002558;0.012976;0.039774;0.001902;0.155702;0.044963;0.001340;0.003347
0.386023;0.005985;0.002160;0.001277;0.076703;0.017650;0.001459;0.003601;0.112164;0.128993;0.003333;0.142157;0.093611;0.013904;0.010979
0.193023;0.010335;0.005501;0.010331;0.123857;0.027744;0.005939;0.006637;0.009772;0.338488;0.004284;0.027012;0.082452;0.039189;0.115434
0.563449;0.001955;0.001266;0.000970;0.054647;0.031684;0.001116;0.003228;0.030122;0.125336;0.001830;0.107149;0.068600;0.004555;0.004093
0.583511;0.002197;0.001789;0.001001;0.011674;0.028242;0.001606;0.018634;0.147469;0.138620;0.007308;0.029899;0.014555;0.003164;0.010332
0.631792;0.014695;0.001314;0.003754;0.063009;0.004949;0.001249;0.001905;0.022649;0.037452;0.001105;0.032782;0.103841;0.058230;0.021273
0.187231;0.001403;0.003117;0.000795;0.009447;0.038478;0.001505;0.006554;0.202893;0.422626;0.009433;0.084230;0.016745;0.003881;0.011663
0.955397;0.000179;0.000066;0.000056;0.001157;0.009321;0.000060;0.002178;0.008706;0.013288;0.000436;0.006592;0.001531;0.000333;0.000698
0.859608;0.000219;0.000386;0.000114;0.004605;0.057766;0.000332;0.002869;0.009249;0.013155;0.003777;0.036335;0.010746;0.000399;0.000441
0.764895;0.000826;0.001016;0.000431;0.022614;0.035218;0.000582;0.002355;0.009557;0.044838;0.001114;0.069712;0.036173;0.003684;0.006983
0.548637;0.001392;0.001553;0.000806;0.004955;0.045951;0.001171;0.005243;0.194112;0.149010;0.005207;0.023758;0.006547;0.004520;0.007138
0.840515;0.000938;0.000429;0.000254;0.008785;0.014681;0.000342;0.002689;0.031233;0.037564;0.001474;0.042194;0.014849;0.002010;0.002042
0.738841;0.001680;0.000838;0.000667;0.018907;0.013381;0.000586;0.001690;0.044752;0.075299;0.001395;0.057167;0.030654;0.008453;0.005690
0.000365;0.237204;0.000035;0.740842;0.000030;0.000071;0.000031;0.001452;0.006036;0.000445;0.000025;0.000029;0.000048;0.012776;0.000610
0.000567;0.562926;0.000091;0.404644;0.000095;0.000101;0.000086;0.000765;0.008367;0.000344;0.000070;0.000086;0.000134;0.020758;0.000965
0.002543;0.067443;0.000361;0.868303;0.000427;0.000464;0.000347;0.001105;0.004511;0.001516;0.000298;0.000335;0.000498;0.031878;0.019972
0.000434;0.430796;0.000053;0.542498;0.000058;0.000065;0.000054;0.000453;0.002358;0.000492;0.000040;0.000060;0.000104;0.021692;0.000841
0.001392;0.244278;0.000708;0.595548;0.000814;0.000534;0.000865;0.002473;0.002805;0.004521;0.000505;0.000662;0.001576;0.098324;0.044993
0.003163;0.132175;0.000074;0.755893;0.000219;0.000388;0.000132;0.000498;0.001574;0.003255;0.000062;0.000156;0.000591;0.069149;0.032671
0.000135;0.886691;0.000019;0.100250;0.000038;0.000017;0.000020;0.000311;0.002595;0.000129;0.000015;0.000025;0.000065;0.008751;0.000940
0.000297;0.837056;0.000068;0.138413;0.000076;0.000049;0.000064;0.000570;0.002607;0.000344;0.000043;0.000061;0.000135;0.018074;0.002142
0.001779;0.125941;0.000684;0.789611;0.000601;0.001264;0.000703;0.011734;0.035217;0.001971;0.000527;0.000564;0.000778;0.013768;0.014860
0.000238;0.285814;0.000021;0.675801;0.000018;0.000041;0.000022;0.001268;0.003457;0.000583;0.000015;0.000016;0.000034;0.030528;0.002145
0.000687;0.323772;0.000087;0.568249;0.000095;0.000106;0.000094;0.000963;0.003925;0.001249;0.000062;0.000067;0.000159;0.091434;0.009051
0.001782;0.367324;0.000426;0.426819;0.000510;0.000377;0.000428;0.000891;0.003788;0.001776;0.000314;0.000359;0.000645;0.186533;0.008028
0.044362;0.117948;0.021477;0.003348;0.015290;0.004336;0.006734;0.042088;0.431642;0.007486;0.096807;0.148174;0.041550;0.013852;0.004907
0.020072;0.217025;0.015126;0.003005;0.008091;0.002526;0.004822;0.051234;0.438606;0.010147;0.068483;0.053908;0.026872;0.071722;0.008359
0.000496;0.013376;0.005740;0.000452;0.000298;0.000260;0.000821;0.716865;0.143411;0.001696;0.035490;0.000400;0.000515;0.069090;0.011090
0.000253;0.871315;0.000391;0.004234;0.000167;0.000029;0.000126;0.004670;0.016340;0.000807;0.000168;0.000151;0.000571;0.097842;0.002936
0.000154;0.003309;0.000419;0.001303;0.000123;0.000095;0.000153;0.028343;0.006567;0.000385;0.000365;0.000098;0.000153;0.865052;0.093484
0.000332;0.011270;0.009313;0.000902;0.000265;0.000198;0.000567;0.022249;0.047837;0.001347;0.006390;0.000224;0.000470;0.830792;0.067846
0.001127;0.785211;0.005966;0.001801;0.001144;0.000644;0.002308;0.012116;0.108638;0.009162;0.002071;0.003470;0.002800;0.058015;0.005528
0.001951;0.632177;0.007232;0.003281;0.002018;0.001370;0.004691;0.023716;0.172535;0.013056;0.002467;0.006080;0.004307;0.112240;0.012879
0.002522;0.654181;0.000398;0.129555;0.000586;0.000325;0.000411;0.001389;0.014196;0.001825;0.000303;0.000405;0.001122;0.118491;0.074290
0.000059;0.970487;0.000374;0.000561;0.000066;0.000036;0.000129;0.002787;0.015409;0.000653;0.000087;0.000083;0.000115;0.008101;0.001053
0.000031;0.969610;0.000297;0.000720;0.000036;0.000012;0.000097;0.001816;0.007818;0.000482;0.000044;0.000062;0.000098;0.018312;0.000566
0.000363;0.884850;0.000363;0.007304;0.000275;0.000092;0.000259;0.003432;0.015245;0.002048;0.000160;0.000200;0.000526;0.058718;0.026165
0.000038;0.976133;0.000096;0.001580;0.000046;0.000016;0.000062;0.001048;0.010074;0.000252;0.000033;0.000042;0.000117;0.008809;0.001654
0.000202;0.961442;0.000118;0.004715;0.000140;0.000049;0.000100;0.003388;0.013987;0.000678;0.000084;0.000096;0.000264;0.011180;0.003557
0.001828;0.730754;0.007935;0.002832;0.001997;0.001054;0.002299;0.036142;0.115219;0.009051;0.002554;0.003181;0.003717;0.063177;0.018260
0.001462;0.029581;0.009316;0.000539;0.000434;0.000387;0.001666;0.630319;0.196706;0.002843;0.103522;0.003265;0.001129;0.012876;0.005954
0.004344;0.003016;0.007930;0.000917;0.001145;0.003105;0.002386;0.426670;0.218824;0.044281;0.122771;0.001678;0.002450;0.099135;0.061349
0.008703;0.048984;0.020438;0.004070;0.004302;0.003102;0.005042;0.207902;0.238826;0.012939;0.064677;0.004656;0.007004;0.301030;0.068323
0.004279;0.382019;0.003121;0.006947;0.003167;0.001574;0.001845;0.144789;0.087042;0.006449;0.002753;0.003416;0.004874;0.105497;0.242229
0.054071;0.507286;0.000897;0.020046;0.006110;0.000874;0.000863;0.002653;0.036716;0.008919;0.000705;0.003285;0.011274;0.287541;0.058761
0.031533;0.507916;0.001099;0.142813;0.003087;0.001234;0.001268;0.001672;0.011169;0.002869;0.001060;0.001917;0.004369;0.278704;0.009289
0.004942;0.859673;0.000224;0.006619;0.000716;0.000169;0.000214;0.001212;0.030996;0.001446;0.000205;0.000796;0.001732;0.089200;0.001856
0.002132;0.936828;0.000205;0.005252;0.000502;0.000202;0.000202;0.001359;0.037649;0.000804;0.000210;0.000493;0.000896;0.008951;0.004316
0.001458;0.945632;0.000179;0.007658;0.000313;0.000167;0.000172;0.001617;0.027693;0.001083;0.000182;0.000279;0.000555;0.009489;0.003523
0.000532;0.826765;0.000115;0.052026;0.000369;0.000051;0.000166;0.000477;0.003719;0.000487;0.000089;0.000157;0.000956;0.110689;0.003402
0.000675;0.887935;0.000279;0.055606;0.000756;0.000157;0.000348;0.000882;0.003185;0.000706;0.000281;0.000352;0.001344;0.044094;0.003400
0.000199;0.852857;0.000060;0.125786;0.000105;0.000047;0.000058;0.000374;0.003749;0.000153;0.000048;0.000068;0.000186;0.015211;0.001097
0.000876;0.827109;0.000233;0.048585;0.000459;0.000182;0.000251;0.002637;0.008049;0.001037;0.000192;0.000296;0.000918;0.091519;0.017655
0.000622;0.851394;0.000154;0.061853;0.000355;0.000083;0.000198;0.000731;0.005953;0.000953;0.000129;0.000143;0.000645;0.064883;0.011903
0.000522;0.678315;0.000065;0.268527;0.000104;0.000098;0.000072;0.007083;0.027401;0.000330;0.000059;0.000078;0.000115;0.007770;0.009460
0.000484;0.426588;0.000028;0.550011;0.000043;0.000057;0.000030;0.000568;0.009256;0.000187;0.000024;0.000036;0.000045;0.012405;0.000236
0.009481;0.499108;0.000431;0.396394;0.000817;0.000552;0.000454;0.001164;0.009056;0.001126;0.000371;0.000841;0.002065;0.066604;0.011537
0.000251;0.797466;0.000032;0.181133;0.000055;0.000033;0.000038;0.000892;0.005699;0.000194;0.000029;0.000043;0.000076;0.012690;0.001369
0.000387;0.940252;0.000155;0.001887;0.000230;0.000018;0.000090;0.000762;0.010666;0.000628;0.000059;0.000456;0.001810;0.041556;0.001042
0.024651;0.232488;0.009996;0.003580;0.014829;0.001862;0.002680;0.031832;0.351923;0.022337;0.012859;0.048054;0.049324;0.180562;0.013023
0.009138;0.114015;0.081081;0.003928;0.006671;0.003554;0.014411;0.040588;0.320569;0.057000;0.054658;0.038619;0.036009;0.205329;0.014431
0.000200;0.975588;0.000019;0.012505;0.000071;0.000009;0.000023;0.000049;0.002216;0.000099;0.000010;0.000042;0.000427;0.008166;0.000574
0.000382;0.908433;0.000041;0.048861;0.000183;0.000026;0.000066;0.000213;0.002620;0.000334;0.000029;0.000071;0.000730;0.036794;0.001218
0.000393;0.849361;0.000044;0.112164;0.000112;0.000031;0.000064;0.000292;0.002920;0.000527;0.000030;0.000048;0.000276;0.032393;0.001346
0.000317;0.908497;0.000038;0.061683;0.000113;0.000027;0.000044;0.000146;0.001801;0.000167;0.000026;0.000055;0.000445;0.026326;0.000316
0.000200;0.935920;0.000025;0.040625;0.000049;0.000015;0.000027;0.000094;0.002154;0.000129;0.000014;0.000027;0.000209;0.020148;0.000361
0.000392;0.880570;0.000028;0.085332;0.000084;0.000022;0.000039;0.000208;0.002605;0.000230;0.000017;0.000054;0.000424;0.029343;0.000653
0.000019;0.986431;0.000007;0.010366;0.000023;0.000004;0.000009;0.000033;0.000538;0.000015;0.000007;0.000008;0.000079;0.002432;0.000028
0.000006;0.994960;0.000003;0.003883;0.000008;0.000001;0.000003;0.000010;0.000268;0.000004;0.000002;0.000002;0.000031;0.000815;0.000006
0.000003;0.996509;0.000001;0.002573;0.000005;0.000000;0.000001;0.000008;0.000321;0.000002;0.000001;0.000001;0.000031;0.000540;0.000004
0.000012;0.987758;0.000005;0.009402;0.000014;0.000003;0.000005;0.000029;0.000572;0.000010;0.000004;0.000005;0.000060;0.002098;0.000023
0.000311;0.941353;0.000049;0.042704;0.000180;0.000037;0.000067;0.000338;0.001927;0.000152;0.000042;0.000070;0.000591;0.010696;0.001485
0.007188;0.176843;0.005178;0.010371;0.026705;0.002216;0.005073;0.006223;0.017422;0.019715;0.002413;0.022171;0.065651;0.523905;0.108927
0.000119;0.985468;0.000046;0.002960;0.000111;0.000003;0.000039;0.000291;0.001947;0.000116;0.000031;0.000069;0.000432;0.008055;0.000312
0.000286;0.843262;0.000142;0.055922;0.000226;0.000080;0.000185;0.002231;0.004373;0.000579;0.000095;0.000139;0.000742;0.064690;0.027049
0.000487;0.267732;0.000458;0.008812;0.000420;0.000062;0.000316;0.000974;0.008492;0.001865;0.000199;0.000364;0.001434;0.637133;0.071254
0.001321;0.507481;0.000650;0.041085;0.000992;0.000239;0.000634;0.003317;0.011855;0.003445;0.000464;0.000483;0.001565;0.315896;0.110572
0.000527;0.941312;0.000080;0.010104;0.000192;0.000019;0.000085;0.000240;0.004619;0.000569;0.000049;0.000143;0.000541;0.040290;0.001231
0.000891;0.919859;0.000121;0.010543;0.000418;0.000044;0.000122;0.000615;0.006478;0.000545;0.000068;0.000304;0.001347;0.054659;0.003987
0.000095;0.986550;0.000011;0.004891;0.000018;0.000009;0.000011;0.000232;0.005794;0.000084;0.000010;0.000016;0.000045;0.001592;0.000644
0.000026;0.991133;0.000024;0.000401;0.000020;0.000005;0.000023;0.000105;0.006065;0.000140;0.000010;0.000070;0.000081;0.001800;0.000097
0.000044;0.992845;0.000013;0.000728;0.000019;0.000006;0.000013;0.000066;0.005347;0.000148;0.000009;0.000034;0.000047;0.000590;0.000090
0.000200;0.953707;0.000133;0.001280;0.000098;0.000044;0.000102;0.000453;0.014426;0.001483;0.000062;0.000279;0.000244;0.026964;0.000526
0.004041;0.734682;0.003654;0.004457;0.002908;0.001658;0.001562;0.008596;0.148736;0.011670;0.002748;0.003796;0.004594;0.053800;0.013098
0.000739;0.939832;0.000308;0.004063;0.000393;0.000197;0.000215;0.002823;0.032715;0.001491;0.000252;0.000351;0.000648;0.010208;0.005764
0.003995;0.001003;0.163465;0.000879;0.042610;0.057354;0.552996;0.025743;0.002970;0.057174;0.033806;0.021646;0.027668;0.000976;0.007715
0.001103;0.000826;0.166923;0.000803;0.006366;0.011726;0.708406;0.013959;0.003246;0.022641;0.033995;0.015537;0.008923;0.000750;0.004795
0.001393;0.000584;0.136691;0.000728;0.033958;0.055052;0.637966;0.020932;0.002158;0.050618;0.014665;0.022265;0.014764;0.000570;0.007656
0.000445;0.000569;0.262558;0.000678;0.010270;0.005816;0.660889;0.014871;0.001027;0.012674;0.007549;0.007641;0.007498;0.000509;0.007005
0.000471;0.000725;0.262821;0.000733;0.004575;0.004430;0.657148;0.016151;0.002201;0.015943;0.016021;0.005673;0.005261;0.000970;0.006877
0.000857;0.000501;0.090212;0.000756;0.010597;0.019695;0.782132;0.004976;0.001372;0.016804;0.012380;0.045551;0.011371;0.000412;0.002383
0.003523;0.000787;0.133167;0.000848;0.035002;0.045333;0.591875;0.014109;0.002521;0.078731;0.028167;0.022715;0.037688;0.000985;0.004547
0.016504;0.001041;0.055055;0.000977;0.091531;0.189419;0.242919;0.015454;0.003567;0.176265;0.023790;0.099237;0.077710;0.001158;0.005373
0.003472;0.001244;0.081768;0.001306;0.048087;0.098148;0.541953;0.011036;0.003309;0.076371;0.016704;0.067018;0.043521;0.001294;0.004769
0.008643;0.001622;0.071306;0.001470;0.167716;0.153601;0.276950;0.013576;0.004661;0.068552;0.027308;0.095236;0.100862;0.001756;0.006741
0.027529;0.001013;0.029381;0.000864;0.234772;0.198705;0.091375;0.016949;0.003685;0.148412;0.014337;0.090082;0.133243;0.001035;0.008618
0.016094;0.000937;0.039725;0.000964;0.083130;0.357833;0.208758;0.010040;0.002183;0.119170;0.009659;0.065802;0.079544;0.001026;0.005136
0.004636;0.001190;0.101835;0.001236;0.039133;0.079479;0.440311;0.009726;0.004056;0.192656;0.028259;0.030268;0.059308;0.001715;0.006193
0.004952;0.000630;0.113361;0.000770;0.039427;0.101069;0.324942;0.011571;0.002249;0.329568;0.011713;0.008890;0.037745;0.001266;0.011848
0.039055;0.002418;0.019919;0.002419;0.109773;0.031212;0.011729;0.014964;0.005437;0.500565;0.004704;0.013558;0.128956;0.014509;0.100783
0.008752;0.001006;0.075239;0.000992;0.179682;0.101370;0.121716;0.009374;0.002312;0.335345;0.007457;0.023081;0.119438;0.001562;0.012674
0.017735;0.001293;0.045341;0.000883;0.159849;0.073990;0.046958;0.010778;0.005022;0.308463;0.008198;0.116260;0.188206;0.001606;0.015419
0.028478;0.001115;0.049471;0.000961;0.182552;0.097448;0.077229;0.019507;0.004974;0.268489;0.022068;0.049607;0.186988;0.001846;0.009266
0.000096;0.000340;0.895569;0.000351;0.000136;0.000194;0.041576;0.052842;0.000934;0.000565;0.002321;0.000153;0.000294;0.001066;0.003563
0.000041;0.001255;0.951522;0.000490;0.000066;0.000070;0.031199;0.011203;0.001087;0.000322;0.000571;0.000122;0.000125;0.000564;0.001363
0.000074;0.000281;0.900734;0.000310;0.000090;0.000114;0.078213;0.016849;0.000318;0.000253;0.000914;0.000105;0.000152;0.000376;0.001216
0.000017;0.000160;0.819034;0.000317;0.000033;0.000047;0.169952;0.007584;0.000160;0.000277;0.000726;0.000049;0.000082;0.000179;0.001383
0.000077;0.000237;0.922106;0.000293;0.000122;0.000154;0.048644;0.020983;0.000379;0.000582;0.001027;0.000089;0.000184;0.000713;0.004410
0.000300;0.000465;0.672839;0.000654;0.000663;0.000923;0.243728;0.049172;0.000892;0.003001;0.006570;0.000642;0.001006;0.000970;0.018174
0.000185;0.000565;0.892762;0.000431;0.000281;0.000519;0.040698;0.043536;0.001142;0.001285;0.004793;0.000232;0.000679;0.005104;0.007788
0.000140;0.000747;0.886427;0.000435;0.000228;0.000254;0.024422;0.057716;0.001299;0.000744;0.018846;0.000205;0.000590;0.003565;0.004382
0.000489;0.001132;0.761944;0.000615;0.000914;0.000908;0.051331;0.096560;0.002881;0.002068;0.064535;0.000646;0.002554;0.003655;0.009769
0.000155;0.000508;0.739134;0.000354;0.000327;0.000803;0.032496;0.184460;0.004856;0.002172;0.021217;0.000296;0.000909;0.005136;0.007177
0.000508;0.000993;0.672035;0.000703;0.000948;0.000914;0.142169;0.098211;0.002805;0.002162;0.066853;0.001066;0.002605;0.002802;0.005228
0.000209;0.000780;0.862720;0.000487;0.000353;0.000563;0.080509;0.037252;0.001673;0.001775;0.005477;0.000335;0.000733;0.002496;0.004637
0.000403;0.000937;0.588448;0.000457;0.000720;0.001838;0.052532;0.265853;0.008960;0.007539;0.048129;0.000503;0.001763;0.008030;0.013888
0.000671;0.001281;0.719902;0.000680;0.001117;0.001919;0.026729;0.168440;0.006143;0.005247;0.031064;0.000681;0.002824;0.016777;0.016523
0.000139;0.002954;0.922942;0.000680;0.000162;0.000148;0.014630;0.024116;0.005911;0.001282;0.011293;0.000281;0.000760;0.010898;0.003805
0.000155;0.000911;0.831436;0.000444;0.000271;0.000337;0.016383;0.100665;0.004405;0.001580;0.025060;0.000263;0.000980;0.007356;0.009753
0.000161;0.000912;0.871862;0.000607;0.000302;0.000301;0.027226;0.046872;0.003198;0.001642;0.028717;0.000318;0.001279;0.008837;0.007765
0.000064;0.000855;0.934158;0.000457;0.000089;0.000095;0.008622;0.032148;0.001075;0.000586;0.008875;0.000101;0.000469;0.007982;0.004425
0.000170;0.000306;0.786739;0.000389;0.000359;0.000669;0.020508;0.149757;0.001936;0.002318;0.011996;0.000206;0.000673;0.005084;0.018890
0.000175;0.000967;0.671134;0.000370;0.000206;0.000337;0.015579;0.246126;0.012275;0.002494;0.028192;0.000263;0.000641;0.008798;0.012444
0.000054;0.000238;0.755676;0.000261;0.000114;0.000230;0.013963;0.209562;0.001053;0.000772;0.004264;0.000071;0.000242;0.002246;0.011254
0.000999;0.001554;0.341769;0.001090;0.001287;0.001524;0.015605;0.456473;0.012673;0.010353;0.009326;0.000911;0.002161;0.064249;0.080024
0.000347;0.000978;0.594414;0.000541;0.000398;0.000632;0.009996;0.265813;0.007690;0.003932;0.011745;0.000283;0.000779;0.059286;0.043166
0.000094;0.000965;0.638799;0.000296;0.000100;0.000118;0.004030;0.300843;0.005484;0.001428;0.004847;0.000077;0.000218;0.032482;0.010219
0.000133;0.000397;0.780300;0.000354;0.000252;0.000484;0.013676;0.165286;0.003106;0.001808;0.012603;0.000142;0.000548;0.004222;0.016687
0.000907;0.001233;0.480642;0.000782;0.001248;0.002395;0.022997;0.348746;0.010142;0.007353;0.046992;0.000838;0.002912;0.030365;0.042448
0.004226;0.019214;0.126971;0.006079;0.005178;0.003984;0.022210;0.128839;0.016141;0.014090;0.008333;0.003912;0.007786;0.348068;0.284969
0.000051;0.000477;0.946227;0.000362;0.000057;0.000056;0.003487;0.015546;0.001187;0.000486;0.001493;0.000039;0.000085;0.021498;0.008948
0.000142;0.000749;0.887848;0.000431;0.000195;0.000203;0.008509;0.034052;0.002520;0.001713;0.003166;0.000135;0.000303;0.029050;0.030984
0.000110;0.000364;0.633631;0.000258;0.000127;0.000174;0.006080;0.322204;0.003938;0.000918;0.007392;0.000095;0.000245;0.006927;0.017538
0.001138;0.030275;0.618776;0.001812;0.002177;0.001080;0.090176;0.100543;0.043748;0.007567;0.041754;0.023720;0.006254;0.009882;0.021100
0.002115;0.090073;0.357920;0.002754;0.003507;0.001938;0.043858;0.140704;0.129252;0.015218;0.029340;0.018328;0.009212;0.095059;0.060724
0.000591;0.004553;0.654441;0.000821;0.000833;0.000960;0.093400;0.118179;0.035461;0.008192;0.045870;0.002212;0.001537;0.009781;0.023168
0.000653;0.003572;0.709384;0.000795;0.000807;0.001012;0.052815;0.116946;0.030546;0.009836;0.026771;0.001264;0.001672;0.018454;0.025472
0.000415;0.002471;0.613487;0.000754;0.000785;0.000851;0.133557;0.122308;0.020909;0.005579;0.076176;0.002473;0.001910;0.004334;0.013992
0.000703;0.023500;0.789004;0.001747;0.001135;0.000647;0.045795;0.040801;0.018619;0.003083;0.016240;0.005016;0.003183;0.026483;0.024044
0.005411;0.008247;0.104166;0.001185;0.004052;0.004284;0.023136;0.109542;0.219628;0.043078;0.405187;0.010711;0.012863;0.025771;0.022740
0.011947;0.013541;0.141255;0.001786;0.013830;0.004597;0.048017;0.112292;0.109781;0.047007;0.367218;0.042857;0.047709;0.021080;0.017083
0.021078;0.008908;0.048527;0.001824;0.183956;0.009606;0.021160;0.054122;0.035880;0.220159;0.024681;0.110936;0.193812;0.011876;0.053476
0.002420;0.002528;0.304162;0.001437;0.004957;0.013385;0.212472;0.181138;0.043845;0.078028;0.101487;0.007124;0.008940;0.006993;0.031084
0.002432;0.002106;0.372118;0.001134;0.008702;0.012588;0.351831;0.063931;0.012224;0.080138;0.035636;0.016584;0.011913;0.003739;0.024924
0.002011;0.002284;0.385005;0.000961;0.006687;0.004480;0.359223;0.047920;0.011589;0.023380;0.109914;0.017469;0.011081;0.003428;0.014567
0.000578;0.012547;0.787394;0.001115;0.000877;0.000593;0.037938;0.033717;0.051756;0.005039;0.029565;0.002011;0.001961;0.018078;0.016833
0.001006;0.028979;0.482559;0.001342;0.001455;0.000773;0.034871;0.162889;0.117034;0.005554;0.105097;0.008257;0.004749;0.029173;0.016263
0.002737;0.071419;0.335751;0.004958;0.006635;0.002463;0.090954;0.070190;0.096402;0.033613;0.012276;0.030848;0.026704;0.090867;0.124184
0.001442;0.011840;0.384106;0.002331;0.006156;0.002394;0.330358;0.051423;0.043050;0.034929;0.019602;0.035347;0.015499;0.020834;0.040690
0.004390;0.016640;0.319172;0.002741;0.019438;0.003452;0.063920;0.100482;0.057258;0.064643;0.037937;0.019198;0.063611;0.083927;0.143190
0.003610;0.048102;0.119192;0.003453;0.012679;0.002197;0.033274;0.051591;0.092897;0.052185;0.011575;0.018246;0.059785;0.339514;0.151699
0.005326;0.025740;0.115198;0.001798;0.013239;0.002696;0.021901;0.159088;0.253650;0.024717;0.110349;0.035558;0.025537;0.053110;0.152093
0.007033;0.024903;0.074978;0.002665;0.018973;0.002374;0.011783;0.159739;0.149912;0.054418;0.025597;0.019169;0.097195;0.130478;0.220781
0.009753;0.020859;0.093170;0.003082;0.032559;0.004389;0.019226;0.112975;0.098287;0.131010;0.026165;0.020086;0.083740;0.086965;0.257733
0.002175;0.033084;0.033611;0.002408;0.004420;0.001384;0.009705;0.109403;0.098417;0.036768;0.005749;0.006171;0.018732;0.430067;0.207907
0.003927;0.027521;0.197128;0.003432;0.010749;0.003404;0.041908;0.146600;0.072870;0.088369;0.016598;0.013319;0.038453;0.104927;0.230795
0.002648;0.052860;0.153294;0.002741;0.004874;0.001792;0.024126;0.079772;0.225339;0.049854;0.024126;0.010083;0.024401;0.273446;0.070642
0.000142;0.000214;0.731814;0.000556;0.000518;0.001270;0.213589;0.019189;0.000285;0.004836;0.003452;0.000219;0.001642;0.001921;0.020351
0.000504;0.000866;0.800185;0.000841;0.001057;0.001839;0.040196;0.018937;0.002476;0.008550;0.009415;0.000608;0.002628;0.026467;0.085432
0.000484;0.000939;0.757617;0.001061;0.001215;0.001460;0.107483;0.051259;0.001515;0.005707;0.006595;0.000810;0.002453;0.006624;0.054779
0.000543;0.000558;0.699388;0.000607;0.001010;0.002445;0.057230;0.150850;0.002305;0.009708;0.015858;0.000564;0.001656;0.005010;0.052268
0.000830;0.000797;0.615319;0.000892;0.001597;0.003509;0.054672;0.186582;0.002523;0.011707;0.013042;0.000848;0.002077;0.010887;0.094720
0.000488;0.000820;0.792090;0.000872;0.000888;0.001031;0.022869;0.058038;0.002123;0.004977;0.008239;0.000508;0.001942;0.018263;0.086853
0.000587;0.000827;0.739245;0.000980;0.001400;0.001881;0.058861;0.086513;0.002276;0.007729;0.011591;0.000736;0.002868;0.009970;0.074538
0.001130;0.001604;0.582946;0.001379;0.002597;0.003429;0.056642;0.110960;0.008460;0.026481;0.016442;0.001505;0.004319;0.019745;0.162360
0.000574;0.000799;0.688708;0.000791;0.001507;0.002772;0.211399;0.029646;0.001454;0.007118;0.010723;0.000841;0.003462;0.004482;0.035722
0.000698;0.001114;0.744439;0.001263;0.001665;0.002078;0.088493;0.059137;0.001923;0.009156;0.007962;0.000965;0.004010;0.012542;0.064554
0.000636;0.000633;0.758310;0.000745;0.001279;0.002976;0.071434;0.078572;0.001965;0.012303;0.010995;0.000685;0.002104;0.006625;0.050737
0.001344;0.002450;0.620434;0.001953;0.002386;0.002581;0.048283;0.119545;0.003760;0.010953;0.006782;0.001606;0.004259;0.031580;0.142083
0.000071;0.000017;0.113988;0.000298;0.001524;0.003232;0.872783;0.001743;0.000022;0.002147;0.000549;0.000230;0.001482;0.000021;0.001892
0.000482;0.000029;0.093169;0.000349;0.009366;0.011333;0.862572;0.002074;0.000036;0.005349;0.000474;0.000310;0.012577;0.000052;0.001828
0.000264;0.000053;0.164555;0.000331;0.004054;0.007206;0.802630;0.007333;0.000073;0.003780;0.000845;0.000362;0.003314;0.000080;0.005120
0.000066;0.000015;0.139076;0.000247;0.001569;0.003699;0.848233;0.001703;0.000015;0.001646;0.000275;0.000093;0.001044;0.000022;0.002298
0.000120;0.000041;0.185965;0.000295;0.002578;0.004449;0.787143;0.005152;0.000062;0.005312;0.000856;0.000259;0.002888;0.000060;0.004821
0.000127;0.000019;0.202493;0.000256;0.003786;0.005550;0.775621;0.002002;0.000023;0.003581;0.000316;0.000140;0.003464;0.000028;0.002594
0.009759;0.001826;0.035154;0.002085;0.319225;0.195587;0.266604;0.003823;0.002290;0.038802;0.003576;0.005644;0.107865;0.002244;0.005516
0.000019;0.000016;0.384946;0.000325;0.000653;0.000626;0.605789;0.001942;0.000012;0.001466;0.000356;0.000045;0.001164;0.000036;0.002605
0.000130;0.000104;0.808178;0.000377;0.000269;0.001001;0.147847;0.028082;0.000136;0.002251;0.002356;0.000138;0.000907;0.000468;0.007755
0.000065;0.000036;0.359999;0.000285;0.000831;0.003124;0.613066;0.009499;0.000053;0.005926;0.000990;0.000088;0.001357;0.000072;0.004610
0.000114;0.000017;0.086399;0.000295;0.004414;0.004984;0.891475;0.001946;0.000022;0.003984;0.000345;0.000427;0.004093;0.000018;0.001468
0.003816;0.000786;0.135089;0.001181;0.038174;0.037428;0.626183;0.014716;0.000998;0.046287;0.003549;0.003262;0.070021;0.001043;0.017466
0.000029;0.000030;0.332344;0.000372;0.000359;0.000641;0.648226;0.008353;0.000039;0.002581;0.001072;0.000157;0.000873;0.000058;0.004867
0.000098;0.000031;0.110775;0.000298;0.001643;0.003387;0.872447;0.001726;0.000040;0.002295;0.000412;0.000247;0.001870;0.000045;0.004685
0.000066;0.000015;0.043865;0.000283;0.012673;0.004241;0.933203;0.000531;0.000011;0.000933;0.000110;0.000229;0.003310;0.000011;0.000520
0.000059;0.000022;0.267997;0.000321;0.001301;0.001616;0.715476;0.005339;0.000024;0.001820;0.000602;0.000099;0.001941;0.000040;0.003342
0.000448;0.000090;0.170770;0.000395;0.005886;0.007698;0.776449;0.002993;0.000121;0.017194;0.000895;0.000387;0.008016;0.000162;0.008496
0.000168;0.000024;0.134113;0.000334;0.006414;0.005020;0.838992;0.000750;0.000027;0.004004;0.000253;0.000165;0.006321;0.000043;0.003372
0.011880;0.025351;0.001652;0.014407;0.001748;0.001100;0.000866;0.019316;0.008137;0.003247;0.002269;0.001053;0.002342;0.308328;0.598304
0.001277;0.000827;0.000170;0.890766;0.000205;0.000779;0.000168;0.020900;0.001105;0.001382;0.000135;0.000140;0.000253;0.005510;0.076384
0.000393;0.000084;0.000010;0.989444;0.000013;0.000772;0.000014;0.001648;0.000444;0.001058;0.000013;0.000016;0.000045;0.000531;0.005516
0.000524;0.000085;0.000006;0.995225;0.000008;0.000419;0.000011;0.000595;0.000684;0.000924;0.000004;0.000017;0.000026;0.000956;0.000517
0.001497;0.050403;0.000113;0.909076;0.000144;0.000906;0.000201;0.011413;0.019029;0.001009;0.000115;0.000433;0.000184;0.002514;0.002962
0.003906;0.000042;0.000002;0.993675;0.000003;0.000235;0.000003;0.000087;0.000303;0.000489;0.000002;0.000020;0.000030;0.001034;0.000170
0.010144;0.001159;0.000011;0.888246;0.000033;0.001180;0.000018;0.001353;0.003206;0.001478;0.000010;0.000073;0.000123;0.001584;0.091381
0.004587;0.000188;0.000008;0.986120;0.000012;0.001260;0.000017;0.001187;0.001778;0.000909;0.000007;0.000067;0.000049;0.001111;0.002699
0.005264;0.000195;0.000004;0.988996;0.000006;0.000696;0.000006;0.000547;0.000954;0.000853;0.000003;0.000038;0.000037;0.000736;0.001667
0.006532;0.000454;0.000003;0.988912;0.000005;0.000251;0.000005;0.000115;0.000930;0.000443;0.000003;0.000025;0.000033;0.001491;0.000799
0.004341;0.000083;0.000004;0.991523;0.000005;0.000506;0.000007;0.000171;0.000655;0.000697;0.000003;0.000030;0.000037;0.001100;0.000838
0.011784;0.000065;0.000006;0.974562;0.000017;0.008600;0.000011;0.000735;0.000547;0.001795;0.000005;0.000024;0.000059;0.000535;0.001257
0.001845;0.008030;0.000021;0.778943;0.000108;0.000316;0.000043;0.001156;0.001375;0.001538;0.000017;0.000064;0.000246;0.036809;0.169490
0.003428;0.004515;0.000012;0.747253;0.000080;0.000860;0.000033;0.001507;0.001729;0.002031;0.000010;0.000064;0.000189;0.016735;0.221553
0.003538;0.000970;0.000013;0.891715;0.000052;0.001236;0.000027;0.000309;0.000314;0.001507;0.000010;0.000058;0.000109;0.004731;0.095411
0.003376;0.012290;0.000024;0.859814;0.000138;0.000252;0.000048;0.000318;0.001038;0.001463;0.000020;0.000075;0.000464;0.033805;0.086875
0.006654;0.000841;0.000013;0.947090;0.000036;0.000684;0.000020;0.000108;0.000272;0.001127;0.000009;0.000062;0.000120;0.005239;0.037724
0.004398;0.003202;0.000018;0.903189;0.000078;0.000290;0.000035;0.000210;0.000534;0.001323;0.000015;0.000060;0.000322;0.018957;0.067369
0.012424;0.010070;0.000127;0.764658;0.000382;0.000773;0.000215;0.000598;0.001397;0.003738;0.000103;0.000205;0.000959;0.087168;0.117182
0.014092;0.004355;0.000087;0.885218;0.000459;0.000648;0.000210;0.000204;0.000558;0.003852;0.000077;0.000153;0.001346;0.068169;0.020574
0.003571;0.006580;0.000024;0.885817;0.000126;0.000192;0.000057;0.000228;0.000767;0.001531;0.000020;0.000070;0.000312;0.075600;0.025103
0.015819;0.037600;0.000299;0.670037;0.001057;0.000680;0.000535;0.001131;0.002459;0.005101;0.000244;0.000604;0.003716;0.180255;0.080463
0.021467;0.033383;0.000396;0.625773;0.001190;0.000763;0.000639;0.000895;0.002746;0.004154;0.000329;0.000753;0.003592;0.218711;0.085208
0.014054;0.031679;0.000691;0.401962;0.002935;0.000816;0.001207;0.000932;0.003104;0.006376;0.000529;0.001319;0.008869;0.500233;0.025295
0.034276;0.044444;0.000184;0.816523;0.000893;0.000320;0.000298;0.000302;0.001276;0.002086;0.000174;0.000406;0.001972;0.070270;0.026575
0.016971;0.071806;0.000134;0.838879;0.000397;0.000223;0.000184;0.000402;0.002336;0.001183;0.000122;0.000263;0.000832;0.036283;0.029986
0.024634;0.169462;0.000656;0.649996;0.001282;0.000892;0.000694;0.003570;0.009148;0.002610;0.000590;0.000919;0.001784;0.062031;0.071731
0.009910;0.001706;0.000006;0.981478;0.000009;0.000117;0.000006;0.000383;0.002923;0.000235;0.000005;0.000013;0.000010;0.001344;0.001857
0.001940;0.468185;0.000034;0.509197;0.000052;0.000053;0.000035;0.000342;0.006575;0.000119;0.000032;0.000075;0.000080;0.012730;0.000550
0.004498;0.039127;0.000023;0.914778;0.000095;0.000118;0.000048;0.000257;0.001224;0.001074;0.000022;0.000089;0.000232;0.029827;0.008590
0.005757;0.000686;0.000017;0.971414;0.000023;0.000417;0.000023;0.006736;0.011911;0.000625;0.000014;0.000032;0.000060;0.001687;0.000600
0.017861;0.182004;0.001291;0.539714;0.002275;0.001812;0.001242;0.004265;0.012046;0.003756;0.001100;0.001774;0.002569;0.014735;0.213555
0.008487;0.086879;0.000110;0.850911;0.000222;0.000162;0.000127;0.000581;0.004403;0.000674;0.000108;0.000149;0.000236;0.017892;0.029060
0.004550;0.019852;0.000326;0.917534;0.000452;0.001501;0.000460;0.013616;0.032552;0.000646;0.000297;0.000374;0.000513;0.002494;0.004831
0.001289;0.375883;0.000040;0.600278;0.000063;0.000051;0.000040;0.000202;0.006134;0.000148;0.000038;0.000061;0.000087;0.014541;0.001146
0.010005;0.124878;0.000068;0.830074;0.000102;0.000170;0.000073;0.001157;0.005902;0.000425;0.000059;0.000126;0.000136;0.016365;0.010460
0.046523;0.224350;0.003678;0.439826;0.006566;0.004497;0.003586;0.009780;0.012639;0.007586;0.003147;0.005810;0.009099;0.033358;0.189554
0.048410;0.264439;0.001667;0.264689;0.007551;0.001930;0.002079;0.002778;0.007767;0.006907;0.001574;0.003838;0.013728;0.239197;0.133447
0.004611;0.011276;0.000040;0.880194;0.000077;0.000185;0.000044;0.001881;0.006842;0.000710;0.000035;0.000047;0.000082;0.007277;0.086700
0.011090;0.058620;0.000051;0.859162;0.000111;0.000174;0.000061;0.000381;0.003149;0.000826;0.000044;0.000142;0.000198;0.009903;0.056087
0.011411;0.092736;0.000202;0.817137;0.000428;0.000305;0.000225;0.000834;0.003517;0.001149;0.000180;0.000427;0.000939;0.029912;0.040596
0.010597;0.254169;0.000570;0.603377;0.001282;0.000678;0.000620;0.000984;0.003526;0.001696;0.000510;0.000995;0.002892;0.100147;0.017958
0.019986;0.048536;0.000282;0.398551;0.001514;0.000643;0.000534;0.000742;0.002741;0.003376;0.000272;0.000667;0.002804;0.107260;0.412090
0.011751;0.225931;0.000588;0.461958;0.001134;0.000776;0.000676;0.002033;0.010552;0.002660;0.000531;0.000821;0.002110;0.162962;0.115518
