0.060969;0.025949;0.084678;0.016090;0.073825;0.076845;0.077802;0.058830;0.066383;0.096751;0.089109;0.091244;0.084853;0.053056;0.043616
0.069638;0.024492;0.092043;0.019738;0.078363;0.085544;0.088450;0.061807;0.054207;0.086276;0.084044;0.078864;0.082485;0.051228;0.042821
0.062407;0.024096;0.088242;0.015902;0.075923;0.079706;0.081708;0.058803;0.062115;0.095635;0.088367;0.088397;0.085024;0.051455;0.042218
0.063136;0.023979;0.088908;0.016258;0.076414;0.080531;0.082783;0.059069;0.060879;0.094688;0.087883;0.087118;0.084807;0.051344;0.042203
0.057633;0.026602;0.079829;0.013446;0.069498;0.071814;0.070492;0.057365;0.075612;0.101598;0.092660;0.099634;0.085342;0.054868;0.043608
0.060537;0.024872;0.085566;0.015102;0.073936;0.077172;0.078381;0.058455;0.066156;0.097838;0.089772;0.092228;0.085247;0.052155;0.042585
0.060136;0.022266;0.088459;0.013491;0.075427;0.078931;0.080470;0.057088;0.063103;0.100010;0.091258;0.091753;0.086519;0.050594;0.040494
0.057625;0.021171;0.086940;0.011365;0.073893;0.077020;0.077842;0.055548;0.066409;0.104443;0.093828;0.097182;0.087618;0.050048;0.039067
0.055296;0.023938;0.079264;0.010598;0.067560;0.070422;0.067934;0.055313;0.078212;0.106840;0.097129;0.104632;0.086702;0.054597;0.041563
0.060001;0.023289;0.086890;0.013979;0.074633;0.077943;0.079027;0.057382;0.064580;0.099705;0.091150;0.092278;0.086175;0.051497;0.041471
0.070365;0.022791;0.094290;0.018407;0.079133;0.087263;0.090560;0.061533;0.052336;0.086365;0.084551;0.078546;0.082850;0.049841;0.041169
0.078907;0.023479;0.096023;0.022300;0.078993;0.091973;0.094594;0.065902;0.047058;0.077457;0.081759;0.070625;0.079363;0.049470;0.042097
0.065397;0.023668;0.090831;0.017270;0.077689;0.082868;0.085284;0.059602;0.057487;0.091933;0.086703;0.083578;0.084246;0.051216;0.042228
0.059687;0.030870;0.076871;0.016993;0.068017;0.070518;0.068451;0.059440;0.076220;0.096167;0.091622;0.094711;0.082971;0.059138;0.048322
0.057854;0.033339;0.067916;0.013984;0.059082;0.062947;0.057667;0.060597;0.093083;0.095419;0.096470;0.104376;0.081754;0.064309;0.051203
0.057752;0.034585;0.063999;0.012808;0.055233;0.059618;0.053370;0.061375;0.101449;0.093895;0.096941;0.108589;0.081290;0.067028;0.052068
0.074432;0.026940;0.091280;0.024088;0.077792;0.086763;0.089308;0.064730;0.052279;0.080005;0.081233;0.074140;0.079847;0.052307;0.044855
0.059544;0.027717;0.080654;0.015516;0.070649;0.073116;0.072540;0.058611;0.072456;0.098217;0.091141;0.095033;0.084365;0.055463;0.044977
0.099174;0.275036;0.000566;0.058041;0.000308;0.001624;0.000419;0.101827;0.113220;0.001610;0.005540;0.013513;0.005548;0.171709;0.151866
0.098578;0.155106;0.004448;0.018616;0.002968;0.007394;0.003369;0.114477;0.221669;0.009958;0.026642;0.046602;0.022391;0.161949;0.105832
0.097633;0.139854;0.006211;0.017518;0.004306;0.009543;0.004826;0.115667;0.228386;0.013162;0.032710;0.053995;0.026935;0.151048;0.098207
0.099141;0.271936;0.000576;0.048319;0.000317;0.001620;0.000427;0.106735;0.126641;0.001661;0.005913;0.014363;0.005757;0.172404;0.144191
0.096398;0.132326;0.007348;0.017175;0.005178;0.010925;0.005725;0.113516;0.226623;0.015265;0.036210;0.058109;0.029751;0.148661;0.096790
0.099818;0.179983;0.003743;0.030452;0.002436;0.006934;0.002767;0.103379;0.174214;0.008460;0.021656;0.039635;0.019604;0.176800;0.130120
0.100232;0.230931;0.001309;0.038442;0.000776;0.003072;0.000955;0.106051;0.149408;0.003416;0.010606;0.022744;0.009926;0.181020;0.141113
0.098509;0.266282;0.000718;0.077570;0.000398;0.002030;0.000524;0.091265;0.094978;0.001940;0.005969;0.013924;0.006095;0.173003;0.166796
0.098879;0.157926;0.004405;0.020027;0.002927;0.007413;0.003309;0.112308;0.212823;0.009876;0.026182;0.045657;0.022166;0.165673;0.110430
0.100148;0.259713;0.000837;0.059483;0.000474;0.002248;0.000617;0.098283;0.114670;0.002243;0.007107;0.016394;0.007107;0.175920;0.154756
0.100321;0.172053;0.003619;0.023160;0.002369;0.006430;0.002719;0.113703;0.202381;0.008253;0.022465;0.040724;0.019376;0.167264;0.115162
0.100566;0.169220;0.003572;0.021023;0.002351;0.006255;0.002724;0.118369;0.214531;0.008111;0.022745;0.041274;0.019379;0.161648;0.108231
0.070438;0.058602;0.033624;0.012036;0.028068;0.036417;0.027484;0.080759;0.171090;0.059891;0.083352;0.108386;0.066263;0.095531;0.068058
0.098630;0.152806;0.004813;0.018777;0.003252;0.007859;0.003679;0.116003;0.222733;0.010555;0.027846;0.048077;0.023351;0.157963;0.103655
0.096367;0.292300;0.000373;0.065937;0.000194;0.001175;0.000274;0.098918;0.100172;0.001132;0.004090;0.010537;0.004136;0.168113;0.156282
0.101040;0.223454;0.001791;0.045722;0.001093;0.004033;0.001314;0.100310;0.138727;0.004361;0.012345;0.025251;0.011871;0.181357;0.147330
0.101029;0.253562;0.000867;0.043285;0.000498;0.002212;0.000651;0.110383;0.140404;0.002347;0.007883;0.017990;0.007566;0.172774;0.138551
0.069363;0.056612;0.034930;0.011868;0.029282;0.037503;0.028578;0.079361;0.167489;0.062076;0.084870;0.109620;0.067322;0.094125;0.067001
0.092698;0.117800;0.010259;0.016511;0.007466;0.014429;0.008035;0.106685;0.220306;0.020566;0.043898;0.067763;0.036466;0.142486;0.094633
0.060960;0.043027;0.049758;0.011672;0.042623;0.048580;0.041148;0.068744;0.134401;0.082085;0.091904;0.115911;0.076843;0.075902;0.056443
0.064806;0.049422;0.040958;0.011347;0.034784;0.042113;0.033523;0.073988;0.153359;0.071257;0.089291;0.114698;0.072121;0.086373;0.061959
0.066567;0.052262;0.040608;0.012677;0.034590;0.042086;0.033637;0.075750;0.151717;0.068973;0.087820;0.110755;0.070940;0.087680;0.063937
0.097954;0.143272;0.005934;0.018116;0.004099;0.009232;0.004605;0.115872;0.226219;0.012551;0.031589;0.052742;0.026320;0.152133;0.099361
0.095323;0.301438;0.000301;0.070336;0.000153;0.000993;0.000221;0.097715;0.094166;0.000936;0.003498;0.009245;0.003551;0.165361;0.156762
0.101974;0.196487;0.002564;0.031194;0.001630;0.005100;0.001925;0.111071;0.175404;0.006049;0.017047;0.032665;0.015366;0.173834;0.127690
0.100465;0.259075;0.000767;0.043923;0.000436;0.002008;0.000575;0.110742;0.138205;0.002118;0.007278;0.016851;0.006963;0.171569;0.139025
0.101092;0.257732;0.000862;0.051914;0.000494;0.002253;0.000646;0.105988;0.126867;0.002306;0.007491;0.017048;0.007344;0.172042;0.145920
0.092286;0.278739;0.000432;0.125643;0.000225;0.001386;0.000310;0.077937;0.066026;0.001216;0.003750;0.009322;0.003935;0.159812;0.178982
0.100838;0.237913;0.001419;0.064487;0.000837;0.003461;0.001031;0.092212;0.111529;0.003490;0.009709;0.020615;0.009729;0.179926;0.162801
0.099136;0.268184;0.000657;0.058795;0.000363;0.001844;0.000482;0.099768;0.112769;0.001840;0.006097;0.014481;0.006056;0.174665;0.154864
0.057212;0.028545;0.076569;0.013587;0.066594;0.068993;0.066429;0.057910;0.081181;0.101120;0.093257;0.101866;0.084506;0.057100;0.045131
0.073019;0.021502;0.097159;0.017993;0.079655;0.089883;0.094076;0.062424;0.049870;0.083977;0.084024;0.076780;0.082010;0.048045;0.039582
0.071864;0.020449;0.097983;0.016669;0.080046;0.090094;0.094225;0.061433;0.049588;0.085753;0.085008;0.077820;0.082983;0.047436;0.038648
0.057816;0.025478;0.081513;0.013226;0.070606;0.073140;0.072433;0.057104;0.073152;0.101695;0.092967;0.098592;0.085690;0.053828;0.042759
0.064875;0.021181;0.093366;0.014744;0.077826;0.084057;0.088088;0.059162;0.057042;0.093513;0.087546;0.086058;0.085023;0.048408;0.039112
0.061851;0.025158;0.086597;0.016002;0.074269;0.078076;0.079959;0.059323;0.064995;0.095680;0.088397;0.090527;0.084657;0.051785;0.042723
0.060190;0.032087;0.076561;0.017916;0.067940;0.070327;0.069166;0.060438;0.077355;0.094855;0.089628;0.094517;0.082273;0.058363;0.048385
0.057579;0.033250;0.068806;0.014209;0.060162;0.063513;0.058881;0.060432;0.092762;0.096486;0.094649;0.104795;0.081936;0.062581;0.049957
0.070061;0.022475;0.094783;0.017854;0.078740;0.087266;0.091129;0.061566;0.053036;0.086680;0.084538;0.079785;0.082649;0.048989;0.040449
0.059614;0.028525;0.080179;0.015898;0.070291;0.072770;0.072439;0.059057;0.073738;0.097423;0.090142;0.095527;0.084018;0.055207;0.045172
0.064217;0.023964;0.089637;0.016582;0.076336;0.081321;0.084325;0.059871;0.060456;0.093075;0.086848;0.086739;0.084201;0.050650;0.041778
0.079920;0.022715;0.097304;0.021807;0.079159;0.093097;0.095944;0.066295;0.046120;0.076677;0.081716;0.070109;0.079235;0.048597;0.041306
0.058531;0.027645;0.079632;0.014549;0.069348;0.071947;0.070808;0.058141;0.075027;0.099538;0.092175;0.097593;0.084437;0.055680;0.044949
0.060095;0.023487;0.086982;0.014148;0.074591;0.077860;0.079004;0.057447;0.064645;0.099305;0.091140;0.091978;0.086025;0.051638;0.041654
0.057306;0.027641;0.077296;0.013341;0.067163;0.069823;0.067427;0.057575;0.079100;0.101653;0.094171;0.100789;0.084720;0.057067;0.044928
0.087155;0.095273;0.017419;0.016377;0.013675;0.022300;0.013939;0.097591;0.199667;0.032538;0.058343;0.082975;0.048504;0.127012;0.087232
0.058026;0.033268;0.069598;0.014895;0.061291;0.064512;0.059704;0.060131;0.089769;0.096288;0.094089;0.102861;0.082139;0.062975;0.050454
0.057046;0.032058;0.069150;0.013511;0.060488;0.063875;0.058499;0.059393;0.091572;0.097928;0.095598;0.105666;0.082796;0.062891;0.049528
0.056934;0.034317;0.056613;0.009516;0.047706;0.053649;0.045242;0.061417;0.118174;0.092391;0.099826;0.118788;0.081040;0.072031;0.052356
0.056839;0.026665;0.078122;0.012639;0.067442;0.069996;0.067995;0.057140;0.078883;0.102701;0.094674;0.101669;0.085183;0.056075;0.043976
0.057302;0.030688;0.071896;0.013529;0.062415;0.065734;0.061744;0.059228;0.087977;0.098616;0.095470;0.103791;0.083066;0.060538;0.048007
0.058599;0.037502;0.053125;0.010108;0.044955;0.051372;0.042575;0.063511;0.124352;0.087756;0.097727;0.118293;0.079522;0.075702;0.054903
0.071162;0.060886;0.033239;0.013082;0.028013;0.036735;0.026568;0.078678;0.165767;0.058818;0.080786;0.108184;0.067441;0.099524;0.071118
0.055036;0.029889;0.065845;0.010172;0.056061;0.060347;0.053568;0.058375;0.100631;0.099899;0.100310;0.114027;0.083647;0.063995;0.048198
0.057799;0.035021;0.059073;0.010934;0.049955;0.055703;0.047656;0.061589;0.111207;0.091473;0.099696;0.113806;0.080899;0.071554;0.053635
0.055305;0.030571;0.063963;0.009878;0.054125;0.058844;0.051717;0.058913;0.104389;0.098434;0.100845;0.115263;0.083204;0.065552;0.048999
0.058554;0.037424;0.052246;0.009782;0.044115;0.050704;0.041545;0.063289;0.125786;0.087439;0.098065;0.119221;0.079618;0.076868;0.055345
0.070902;0.060552;0.032688;0.012629;0.027471;0.036433;0.025856;0.077696;0.166908;0.058635;0.080690;0.109182;0.067772;0.101086;0.071499
0.054633;0.026816;0.072190;0.010318;0.061577;0.065096;0.059820;0.056464;0.089869;0.104585;0.099014;0.110465;0.085366;0.059093;0.044695
0.054728;0.026209;0.073527;0.010361;0.062665;0.066125;0.061303;0.056266;0.087503;0.105027;0.099093;0.109269;0.085551;0.058273;0.044100
0.086552;0.021921;0.098164;0.023882;0.078695;0.097890;0.098138;0.069302;0.041505;0.071620;0.081570;0.064547;0.077205;0.047789;0.041222
0.081392;0.020976;0.099738;0.020488;0.079796;0.095265;0.098303;0.066366;0.044004;0.076120;0.082313;0.068938;0.079328;0.047199;0.039774
0.070620;0.021965;0.095656;0.017688;0.079264;0.088072;0.091835;0.061481;0.051730;0.086224;0.084802;0.078758;0.082935;0.048808;0.040161
0.078283;0.020967;0.099449;0.019246;0.079884;0.093540;0.097318;0.064756;0.045891;0.078933;0.082785;0.071855;0.080476;0.047239;0.039379
0.084993;0.020686;0.100226;0.021655;0.079648;0.097700;0.099378;0.068214;0.041636;0.073110;0.082071;0.065855;0.078292;0.046792;0.039745
0.087812;0.020315;0.100220;0.022401;0.079159;0.100141;0.100250;0.069348;0.039790;0.071267;0.082005;0.063829;0.077327;0.046458;0.039680
0.088945;0.018061;0.103444;0.019972;0.079997;0.102932;0.103313;0.068922;0.037610;0.071267;0.082836;0.063141;0.077688;0.044475;0.037398
0.087737;0.019148;0.101964;0.020868;0.079780;0.100960;0.101714;0.068823;0.039038;0.071769;0.082529;0.063933;0.077790;0.045466;0.038481
0.085964;0.020422;0.100399;0.021729;0.079603;0.098563;0.099855;0.068556;0.040918;0.072512;0.082102;0.065146;0.078061;0.046573;0.039596
0.086401;0.019156;0.102225;0.020335;0.080080;0.099942;0.101524;0.068272;0.039798;0.072663;0.082578;0.064927;0.078319;0.045477;0.038304
0.076045;0.020664;0.099299;0.018185;0.080092;0.092551;0.096701;0.063508;0.047014;0.081215;0.083463;0.073938;0.081368;0.047084;0.038875
0.063932;0.023105;0.090566;0.015979;0.076943;0.081927;0.084782;0.059173;0.059377;0.093862;0.087587;0.086380;0.084835;0.050340;0.041213
0.063413;0.023531;0.089577;0.015707;0.075812;0.080775;0.084114;0.059734;0.061579;0.094222;0.087352;0.088405;0.084548;0.050074;0.041156
0.072165;0.020675;0.097971;0.016899;0.079716;0.090117;0.094596;0.061874;0.049993;0.085135;0.084641;0.077933;0.082431;0.047220;0.038635
0.063753;0.021656;0.091919;0.014796;0.077509;0.082809;0.086213;0.058690;0.058236;0.095077;0.088177;0.086658;0.085281;0.049305;0.039922
0.060692;0.040016;0.059423;0.014690;0.051353;0.055935;0.050556;0.066213;0.109830;0.087205;0.093315;0.106826;0.078412;0.069904;0.055631
0.058643;0.033811;0.069967;0.015379;0.061286;0.064274;0.061073;0.061756;0.090909;0.095042;0.092517;0.102570;0.081591;0.061394;0.049788
0.060990;0.041556;0.060833;0.016558;0.053196;0.056826;0.052512;0.066847;0.107628;0.086585;0.090029;0.105256;0.078324;0.067470;0.055389
0.017187;0.083056;0.000011;0.792562;0.000004;0.000075;0.000007;0.008810;0.002183;0.000038;0.000107;0.000441;0.000127;0.025707;0.069685
0.017852;0.086378;0.000011;0.786549;0.000005;0.000078;0.000007;0.009382;0.002339;0.000040;0.000112;0.000460;0.000133;0.026430;0.070222
0.098798;0.213170;0.002788;0.136162;0.001749;0.006316;0.002087;0.076277;0.075975;0.005744;0.012157;0.023180;0.012499;0.158791;0.174309
0.078605;0.217228;0.000679;0.292873;0.000377;0.002130;0.000484;0.053144;0.034995;0.001638;0.003805;0.008773;0.004096;0.125022;0.176149
0.059568;0.182840;0.000315;0.449082;0.000167;0.001170;0.000224;0.039405;0.018804;0.000794;0.001868;0.004686;0.002026;0.088710;0.150342
0.046724;0.161470;0.000134;0.545250;0.000066;0.000587;0.000093;0.029641;0.011566;0.000369;0.000921;0.002617;0.001014;0.068456;0.131094
0.090853;0.113688;0.010720;0.015987;0.007782;0.015214;0.008120;0.099745;0.211542;0.021970;0.045703;0.070642;0.038093;0.150282;0.099658
0.092326;0.120876;0.009865;0.017787;0.007092;0.014276;0.007465;0.100308;0.206796;0.020192;0.042515;0.066873;0.036086;0.153897;0.103647
0.096334;0.143056;0.007897;0.025891;0.005524;0.012361;0.005960;0.098684;0.183277;0.016066;0.034618;0.056885;0.031138;0.164329;0.117982
0.099228;0.172786;0.005419;0.037935;0.003653;0.009600;0.004037;0.095810;0.156283;0.011328;0.025485;0.044636;0.024085;0.174098;0.135616
0.095148;0.135596;0.007952;0.021017;0.005566;0.012122;0.005986;0.101196;0.199519;0.016440;0.036249;0.059373;0.031677;0.161094;0.111067
0.089802;0.311849;0.000184;0.128476;0.000088;0.000688;0.000136;0.085075;0.060988;0.000586;0.002115;0.005895;0.002218;0.144743;0.167156
0.101111;0.175932;0.003493;0.024630;0.002289;0.006308;0.002636;0.113888;0.198012;0.007954;0.021615;0.039719;0.018909;0.166969;0.116535
0.091896;0.309453;0.000225;0.105002;0.000109;0.000800;0.000163;0.087471;0.070638;0.000705;0.002568;0.007033;0.002666;0.155158;0.166114
0.098689;0.265725;0.000804;0.088911;0.000452;0.002260;0.000594;0.088884;0.089389;0.002101;0.006180;0.014328;0.006407;0.168586;0.166691
0.098670;0.152908;0.005585;0.021907;0.003820;0.009023;0.004256;0.111000;0.206468;0.011865;0.029303;0.049798;0.025366;0.160724;0.109309
0.100828;0.257863;0.000953;0.068819;0.000546;0.002520;0.000711;0.097159;0.107556;0.002459;0.007373;0.016752;0.007512;0.171652;0.157297
0.086527;0.281138;0.000299;0.174158;0.000150;0.001051;0.000216;0.069377;0.050340;0.000858;0.002664;0.006966;0.002863;0.145616;0.177777
0.070485;0.058238;0.035778;0.013346;0.030320;0.038862;0.029172;0.078047;0.157896;0.062130;0.084348;0.106573;0.067848;0.097176;0.069783
0.061327;0.042198;0.045803;0.009971;0.038675;0.045846;0.036832;0.067731;0.139560;0.080042;0.095474;0.118317;0.075659;0.083605;0.058960
0.093343;0.116419;0.010050;0.015858;0.007273;0.014034;0.007966;0.109747;0.226558;0.020213;0.043931;0.067351;0.035499;0.139778;0.091981
0.087293;0.094613;0.015930;0.014799;0.012182;0.020758;0.012409;0.097109;0.205278;0.030930;0.057654;0.082233;0.046384;0.133198;0.089231
0.100492;0.185486;0.003772;0.034975;0.002468;0.007097;0.002816;0.102445;0.164983;0.008365;0.020938;0.038570;0.019461;0.175476;0.132656
0.097212;0.266339;0.000742;0.112666;0.000411;0.002135;0.000551;0.083216;0.076805;0.001913;0.005484;0.012749;0.005750;0.162491;0.171537
0.098600;0.247014;0.001334;0.117240;0.000783;0.003436;0.001006;0.081202;0.079995;0.003125;0.007909;0.017031;0.008306;0.161655;0.171364
0.095569;0.142899;0.009559;0.031911;0.006837;0.014731;0.007307;0.094344;0.166229;0.018502;0.036664;0.058556;0.034158;0.160997;0.121736
0.102651;0.220324;0.002654;0.070872;0.001688;0.005766;0.002029;0.093628;0.114632;0.005789;0.013933;0.027367;0.014274;0.169657;0.154736
0.099436;0.251094;0.001235;0.108053;0.000721;0.003217;0.000934;0.084270;0.083727;0.002941;0.007717;0.016741;0.008043;0.163299;0.168572
0.102159;0.194583;0.003510;0.039702;0.002315;0.006755;0.002707;0.106746;0.160783;0.007644;0.019330;0.036090;0.018259;0.168548;0.130869
0.093688;0.278214;0.000499;0.135489;0.000264;0.001555;0.000373;0.081248;0.066389;0.001336;0.004008;0.009787;0.004225;0.152439;0.170485
0.055016;0.227427;0.000062;0.426546;0.000027;0.000309;0.000044;0.039906;0.015962;0.000198;0.000648;0.002001;0.000712;0.086070;0.145072
0.086688;0.244918;0.000662;0.216891;0.000361;0.002033;0.000487;0.063816;0.047133;0.001643;0.004160;0.009697;0.004488;0.139717;0.177306
0.096994;0.247568;0.001205;0.132633;0.000699;0.003186;0.000902;0.077837;0.072791;0.002840;0.007148;0.015544;0.007543;0.158838;0.174272
0.099040;0.255000;0.001087;0.111864;0.000628;0.002899;0.000823;0.084442;0.081104;0.002628;0.007024;0.015487;0.007347;0.161763;0.168864
0.102366;0.231115;0.002070;0.075326;0.001283;0.004757;0.001581;0.092908;0.109113;0.004679;0.011770;0.023934;0.012089;0.169575;0.157435
0.098265;0.257502;0.001000;0.115725;0.000571;0.002711;0.000755;0.083533;0.078929;0.002440;0.006600;0.014712;0.006910;0.160575;0.169772
0.096113;0.140786;0.008206;0.024245;0.005809;0.012592;0.006348;0.102767;0.194854;0.016548;0.035771;0.058239;0.031847;0.155942;0.109934
0.102032;0.198079;0.003263;0.040357;0.002133;0.006424;0.002498;0.105742;0.158059;0.007215;0.018474;0.034786;0.017441;0.170820;0.132677
0.082627;0.084911;0.019884;0.014460;0.015707;0.024942;0.015358;0.089386;0.191736;0.038006;0.064299;0.090739;0.053369;0.127594;0.086981
0.088282;0.269084;0.000434;0.184867;0.000226;0.001427;0.000323;0.070696;0.051308;0.001162;0.003333;0.008183;0.003551;0.142895;0.174229
0.090152;0.273432;0.000453;0.167206;0.000237;0.001466;0.000337;0.073437;0.055947;0.001212;0.003539;0.008712;0.003780;0.146584;0.173506
0.086336;0.264872;0.000419;0.203644;0.000218;0.001393;0.000311;0.066921;0.047404;0.001111;0.003157;0.007816;0.003396;0.138897;0.174106
0.094759;0.252065;0.000972;0.151917;0.000551;0.002704;0.000730;0.075236;0.065355;0.002334;0.005974;0.013272;0.006329;0.153490;0.174311
0.080072;0.260597;0.000281;0.247331;0.000140;0.001021;0.000206;0.060658;0.037730;0.000777;0.002269;0.005879;0.002456;0.128460;0.172121
0.094628;0.248639;0.001034;0.152863;0.000591;0.002842;0.000772;0.074174;0.065127;0.002467;0.006195;0.013709;0.006585;0.154274;0.176098
0.101789;0.221287;0.002711;0.083702;0.001717;0.005966;0.002062;0.087887;0.103384;0.005844;0.013530;0.026541;0.014033;0.167996;0.161552
0.102878;0.227256;0.002242;0.068809;0.001405;0.005024;0.001719;0.096189;0.116581;0.005008;0.012663;0.025449;0.012913;0.169353;0.152509
0.100391;0.250992;0.001273;0.094664;0.000748;0.003279;0.000963;0.087545;0.091016;0.003048;0.008159;0.017752;0.008467;0.166038;0.165666
0.090806;0.248199;0.000704;0.193695;0.000388;0.002106;0.000521;0.070926;0.052570;0.001740;0.004458;0.010199;0.004757;0.142858;0.176074
0.101124;0.262829;0.000872;0.082285;0.000495;0.002371;0.000655;0.096334;0.096805;0.002240;0.006593;0.014970;0.006753;0.165333;0.160343
0.100994;0.243558;0.001458;0.088713;0.000871;0.003639;0.001094;0.089164;0.094818;0.003448;0.009011;0.019113;0.009324;0.169043;0.165751
0.093770;0.255697;0.000813;0.156297;0.000454;0.002339;0.000604;0.075486;0.062839;0.001999;0.005255;0.011961;0.005586;0.151880;0.175020
0.088881;0.098786;0.014673;0.014908;0.011145;0.019182;0.011638;0.102706;0.215416;0.028355;0.054629;0.079589;0.043710;0.129686;0.086697
0.100419;0.179051;0.002307;0.018268;0.001453;0.004300;0.001745;0.125963;0.227553;0.005715;0.018054;0.034897;0.014890;0.161019;0.104367
0.101327;0.169947;0.006129;0.040491;0.004235;0.010530;0.004709;0.103025;0.157964;0.012178;0.026834;0.045829;0.025117;0.163577;0.128107
0.102150;0.215228;0.002934;0.081249;0.001868;0.006347;0.002191;0.087837;0.103451;0.006252;0.014287;0.027631;0.014635;0.171171;0.162770
0.084744;0.210097;0.001227;0.262051;0.000724;0.003390;0.000894;0.058817;0.042215;0.002716;0.005809;0.012278;0.006183;0.131409;0.177447
0.098653;0.222443;0.002199;0.139084;0.001359;0.005175;0.001642;0.077326;0.073758;0.004684;0.010276;0.020383;0.010746;0.157582;0.174690
0.067114;0.181071;0.000639;0.406840;0.000361;0.002050;0.000458;0.044368;0.023992;0.001465;0.003147;0.007164;0.003375;0.099172;0.158784
0.097974;0.220234;0.002266;0.140500;0.001400;0.005315;0.001676;0.075256;0.072914;0.004821;0.010445;0.020774;0.010980;0.158333;0.177111
0.079835;0.247537;0.000316;0.267916;0.000160;0.001119;0.000230;0.060055;0.035630;0.000852;0.002348;0.005923;0.002533;0.123830;0.171717
0.101214;0.262756;0.000900;0.088647;0.000512;0.002439;0.000681;0.095082;0.092923;0.002276;0.006582;0.014807;0.006805;0.163294;0.161082
0.097928;0.274125;0.000620;0.107655;0.000337;0.001828;0.000465;0.087661;0.078529;0.001638;0.004926;0.011639;0.005135;0.159647;0.167867
0.101429;0.270186;0.000720;0.069493;0.000403;0.002002;0.000549;0.101727;0.106727;0.001913;0.006145;0.014372;0.006226;0.165916;0.152193
0.102569;0.208216;0.001545;0.024802;0.000941;0.003252;0.001181;0.125949;0.197148;0.003954;0.013115;0.027058;0.011259;0.164789;0.114221
0.103580;0.221309;0.001618;0.035383;0.000999;0.003547;0.001252;0.119402;0.167778;0.003991;0.012355;0.025378;0.011207;0.166785;0.125416
0.098646;0.287704;0.000424;0.072050;0.000223;0.001297;0.000313;0.102545;0.098394;0.001239;0.004289;0.010716;0.004342;0.162250;0.155569
0.101461;0.262672;0.000813;0.056949;0.000464;0.002175;0.000617;0.105771;0.121000;0.002170;0.007035;0.016198;0.006961;0.169001;0.146713
0.100493;0.271068;0.000615;0.051363;0.000341;0.001710;0.000464;0.109415;0.125157;0.001729;0.006043;0.014453;0.005892;0.168264;0.142994
0.102448;0.219389;0.001819;0.037498;0.001122;0.003948;0.001382;0.111233;0.160682;0.004392;0.013072;0.026770;0.012267;0.172478;0.131500
0.095585;0.257888;0.000761;0.154514;0.000422;0.002187;0.000577;0.081774;0.064172;0.001876;0.005020;0.011277;0.005271;0.147729;0.170946
0.091374;0.266941;0.000485;0.172525;0.000257;0.001538;0.000362;0.075818;0.055448;0.001279;0.003635;0.008704;0.003850;0.143726;0.174057
0.100551;0.198895;0.003568;0.048640;0.002331;0.007092;0.002676;0.095822;0.139825;0.007726;0.018630;0.034713;0.018189;0.176211;0.145130
0.098459;0.166190;0.006143;0.035421;0.004187;0.010491;0.004632;0.097000;0.162742;0.012635;0.027940;0.047588;0.026184;0.170010;0.130377
0.095967;0.257899;0.000874;0.128685;0.000491;0.002457;0.000647;0.078630;0.071503;0.002172;0.005870;0.013310;0.006177;0.160087;0.175230
0.085912;0.275029;0.000299;0.195254;0.000150;0.001053;0.000219;0.070004;0.046940;0.000840;0.002548;0.006582;0.002733;0.137758;0.174678
0.089034;0.271450;0.000408;0.178503;0.000212;0.001345;0.000300;0.073212;0.052624;0.001102;0.003216;0.007989;0.003436;0.142825;0.174345
0.100799;0.251680;0.001206;0.087402;0.000707;0.003126;0.000906;0.090537;0.094816;0.002932;0.008019;0.017566;0.008298;0.167954;0.164054
0.101350;0.246055;0.001338;0.067265;0.000794;0.003321;0.001006;0.095594;0.112345;0.003280;0.009225;0.020080;0.009395;0.172756;0.156196
0.099225;0.268137;0.000775;0.092226;0.000433;0.002180;0.000579;0.090758;0.088161;0.002006;0.005942;0.013776;0.006162;0.164643;0.164998
0.090732;0.271723;0.000454;0.164643;0.000238;0.001463;0.000335;0.074464;0.056460;0.001217;0.003542;0.008706;0.003782;0.147162;0.175078
0.100988;0.207225;0.003105;0.052669;0.002001;0.006399;0.002324;0.094474;0.133368;0.006829;0.016696;0.032095;0.016624;0.176404;0.148798
0.101774;0.236963;0.001681;0.065355;0.001021;0.003976;0.001269;0.095531;0.116225;0.003981;0.010744;0.022564;0.010906;0.173223;0.154788
0.101564;0.216938;0.002666;0.061190;0.001687;0.005730;0.002002;0.093453;0.122903;0.005916;0.014564;0.028706;0.014743;0.174566;0.153373
0.090389;0.109375;0.013111;0.017578;0.009774;0.017895;0.010231;0.099558;0.204012;0.025523;0.049719;0.073992;0.041740;0.140589;0.096514
0.100693;0.245258;0.001372;0.070573;0.000810;0.003415;0.001024;0.092139;0.108514;0.003353;0.009271;0.020179;0.009486;0.173978;0.159935
0.087374;0.281424;0.000295;0.177891;0.000148;0.001035;0.000217;0.072462;0.050412;0.000841;0.002606;0.006760;0.002790;0.141310;0.174437
0.092552;0.276296;0.000455;0.146069;0.000239;0.001457;0.000336;0.078650;0.061858;0.001235;0.003689;0.009053;0.003896;0.150722;0.173492
0.077174;0.276022;0.000152;0.248821;0.000071;0.000619;0.000111;0.061244;0.034469;0.000463;0.001501;0.004201;0.001623;0.122987;0.170542
0.091948;0.270808;0.000525;0.152030;0.000280;0.001645;0.000387;0.074695;0.060625;0.001390;0.004008;0.009733;0.004276;0.151960;0.175690
0.101800;0.230616;0.001910;0.066072;0.001172;0.004409;0.001427;0.094206;0.115036;0.004438;0.011577;0.023791;0.011740;0.174850;0.156956
0.101698;0.242082;0.001472;0.070814;0.000881;0.003585;0.001104;0.094780;0.109183;0.003534;0.009604;0.020565;0.009843;0.172318;0.158540
0.101514;0.217597;0.002614;0.066116;0.001644;0.005674;0.001945;0.091301;0.116119;0.005778;0.014095;0.027731;0.014301;0.175387;0.158184
0.099039;0.252137;0.001099;0.110323;0.000636;0.002920;0.000820;0.084313;0.081039;0.002670;0.007074;0.015581;0.007407;0.163483;0.171461
0.101440;0.231963;0.001927;0.072399;0.001179;0.004493;0.001441;0.090476;0.109005;0.004450;0.011381;0.023549;0.011695;0.173815;0.160788
0.101599;0.204971;0.002716;0.040201;0.001739;0.005548;0.002051;0.104847;0.155648;0.006212;0.016500;0.031981;0.015636;0.174645;0.135708
0.067952;0.260771;0.000092;0.315954;0.000041;0.000418;0.000065;0.050498;0.024674;0.000295;0.000972;0.002906;0.001067;0.108348;0.165949
0.057610;0.235366;0.000061;0.398494;0.000027;0.000309;0.000042;0.040533;0.017152;0.000203;0.000668;0.002091;0.000739;0.092113;0.154591
0.088647;0.297575;0.000223;0.151045;0.000108;0.000816;0.000162;0.077877;0.055032;0.000679;0.002286;0.006166;0.002420;0.144275;0.172689
0.073370;0.269584;0.000123;0.276269;0.000056;0.000522;0.000087;0.056002;0.029795;0.000381;0.001246;0.003583;0.001356;0.117537;0.170088
0.072961;0.262272;0.000136;0.286774;0.000063;0.000571;0.000097;0.054469;0.029092;0.000414;0.001318;0.003734;0.001435;0.116715;0.169950
0.074168;0.271883;0.000124;0.269840;0.000057;0.000526;0.000088;0.057313;0.030610;0.000386;0.001267;0.003630;0.001374;0.118402;0.170332
0.054186;0.022095;0.080281;0.009419;0.067873;0.071015;0.068174;0.053898;0.076871;0.109641;0.098947;0.106048;0.087772;0.053682;0.040097
0.056845;0.020562;0.087104;0.010825;0.074068;0.077045;0.077252;0.054650;0.065718;0.105984;0.095294;0.097295;0.088130;0.050306;0.038924
0.055922;0.018754;0.089011;0.009618;0.074796;0.077956;0.078350;0.053424;0.064157;0.108401;0.096482;0.098192;0.089184;0.048712;0.037042
0.056705;0.018899;0.089735;0.010044;0.075318;0.078732;0.079473;0.053924;0.063132;0.107077;0.095506;0.096780;0.088890;0.048553;0.037232
0.056289;0.019384;0.088252;0.010030;0.074477;0.077665;0.077986;0.053908;0.064754;0.107534;0.095991;0.097993;0.088785;0.049246;0.037706
0.055902;0.019057;0.088313;0.009691;0.074403;0.077454;0.077770;0.053613;0.065001;0.108349;0.096360;0.098798;0.089044;0.048981;0.037263
0.054006;0.020157;0.083352;0.008889;0.070237;0.073270;0.071154;0.052950;0.072146;0.111172;0.099300;0.104668;0.088764;0.051648;0.038288
0.053150;0.026890;0.065092;0.008040;0.054437;0.059198;0.051585;0.056629;0.103233;0.103407;0.104461;0.119303;0.084892;0.063538;0.046143
0.081321;0.080652;0.020885;0.013718;0.016495;0.025918;0.016108;0.087787;0.189515;0.039917;0.067303;0.092537;0.054696;0.126948;0.086202
0.055147;0.021218;0.083407;0.009895;0.070777;0.073717;0.072051;0.053990;0.071437;0.108630;0.097820;0.102274;0.088021;0.052186;0.039431
0.053959;0.028539;0.060450;0.007587;0.049930;0.055593;0.047220;0.057820;0.112131;0.099282;0.105978;0.121910;0.083455;0.067773;0.048373
0.061008;0.019213;0.093436;0.012183;0.078216;0.082802;0.084946;0.055882;0.057261;0.100590;0.091624;0.088992;0.087503;0.048295;0.038048
0.056286;0.032568;0.055228;0.008208;0.045773;0.052075;0.043375;0.061052;0.121964;0.092641;0.103184;0.121839;0.081017;0.072988;0.051802
0.056666;0.021298;0.085490;0.010975;0.073002;0.075900;0.075258;0.054695;0.067418;0.106068;0.095874;0.098185;0.087894;0.051517;0.039761
0.060183;0.019019;0.093112;0.011743;0.077899;0.082244;0.084160;0.055441;0.057899;0.101896;0.092359;0.090085;0.087870;0.048242;0.037848
0.061398;0.020568;0.091882;0.013260;0.077608;0.082027;0.083753;0.056606;0.058255;0.099321;0.090928;0.088419;0.086914;0.049539;0.039523
0.059009;0.020642;0.089740;0.012143;0.076049;0.079594;0.080639;0.055682;0.061688;0.102673;0.092912;0.092463;0.087603;0.049863;0.039300
0.059511;0.020075;0.091027;0.012049;0.076709;0.080577;0.082008;0.055694;0.060288;0.102258;0.092632;0.091504;0.087658;0.049221;0.038788
0.070010;0.019765;0.097783;0.015657;0.080487;0.089578;0.093027;0.060007;0.049592;0.088460;0.086363;0.078630;0.084368;0.047790;0.038485
0.069676;0.021050;0.096060;0.016739;0.079848;0.088409;0.091266;0.060343;0.050846;0.088180;0.085951;0.078753;0.084024;0.048970;0.039884
0.080325;0.023086;0.096612;0.022546;0.079164;0.093064;0.095330;0.066459;0.045904;0.076302;0.081706;0.069399;0.079093;0.049126;0.041884
0.075312;0.022381;0.096400;0.019830;0.079638;0.090676;0.093775;0.063552;0.048193;0.081583;0.083272;0.073571;0.081449;0.049289;0.041080
0.071249;0.021246;0.096334;0.017369;0.080005;0.089101;0.092459;0.061217;0.050062;0.086275;0.085128;0.077452;0.083330;0.048852;0.039922
0.073326;0.021208;0.097351;0.018003;0.080174;0.090366;0.093826;0.062070;0.048506;0.084137;0.084499;0.075355;0.082706;0.048583;0.039890
0.053882;0.026460;0.068074;0.008866;0.057309;0.061709;0.055236;0.056740;0.096472;0.104236;0.103950;0.114396;0.084832;0.061962;0.045877
0.056388;0.031788;0.059008;0.009016;0.049096;0.054791;0.047235;0.060870;0.113617;0.094662;0.103442;0.117354;0.081349;0.070231;0.051153
0.058184;0.035173;0.053607;0.009185;0.044679;0.051107;0.042959;0.063492;0.123777;0.089145;0.101668;0.118278;0.079271;0.075340;0.054134
0.054940;0.027407;0.069473;0.010075;0.059183;0.063275;0.057426;0.057263;0.092510;0.102916;0.102200;0.110350;0.084411;0.061827;0.046744
0.058024;0.034357;0.055216;0.009298;0.045791;0.052170;0.044340;0.063186;0.120375;0.090043;0.102548;0.117075;0.079594;0.074155;0.053825
0.052886;0.025027;0.067848;0.007876;0.056603;0.061175;0.054391;0.055714;0.097596;0.106020;0.106268;0.116860;0.085402;0.061537;0.044797
0.053598;0.023992;0.073290;0.008864;0.061895;0.065778;0.060396;0.055068;0.086964;0.107950;0.103174;0.111177;0.086357;0.058439;0.043058
0.054177;0.023037;0.076923;0.009285;0.065113;0.068557;0.064461;0.054504;0.080894;0.108980;0.101182;0.107747;0.087027;0.056332;0.041781
0.053282;0.022795;0.074947;0.008461;0.063058;0.066763;0.061722;0.054210;0.084696;0.109955;0.102969;0.111357;0.087076;0.057012;0.041698
0.052369;0.024111;0.069044;0.007651;0.057655;0.062207;0.055268;0.054750;0.095426;0.108257;0.105750;0.117404;0.086185;0.060287;0.043634
0.052929;0.024148;0.070941;0.008221;0.059644;0.063835;0.057679;0.054950;0.091751;0.108377;0.104074;0.114768;0.086204;0.059187;0.043293
0.058775;0.030696;0.074037;0.015294;0.065100;0.068370;0.064756;0.059329;0.080181;0.097186;0.095011;0.097778;0.082980;0.061209;0.049298
0.059449;0.038331;0.049123;0.009214;0.041085;0.047912;0.039250;0.065662;0.134065;0.084383;0.098748;0.120026;0.077596;0.079014;0.056141
0.057299;0.034162;0.055807;0.009215;0.046575;0.052591;0.044625;0.062440;0.120361;0.091257;0.101443;0.118641;0.080282;0.072605;0.052697
0.057977;0.035441;0.054134;0.009378;0.045301;0.051580;0.043323;0.063365;0.123363;0.089225;0.100412;0.118626;0.079753;0.074277;0.053844
0.053729;0.027835;0.064697;0.008481;0.054356;0.058989;0.051727;0.057436;0.104016;0.102221;0.103167;0.118557;0.084356;0.063761;0.046671
0.053127;0.023706;0.073978;0.008657;0.062402;0.065969;0.060707;0.054543;0.087461;0.109222;0.101424;0.112967;0.086926;0.057002;0.041909
0.054108;0.026418;0.070646;0.009626;0.060110;0.063945;0.058179;0.056391;0.092061;0.105014;0.101113;0.112262;0.085254;0.059980;0.044893
0.076413;0.018755;0.101289;0.016511;0.081160;0.094475;0.098478;0.062624;0.044650;0.082351;0.084414;0.072995;0.082337;0.046165;0.037384
0.074397;0.020908;0.097801;0.018056;0.080308;0.091377;0.094788;0.062554;0.047623;0.083382;0.084010;0.074536;0.082372;0.048272;0.039615
0.066236;0.019225;0.096664;0.014135;0.080081;0.087443;0.090268;0.058115;0.051879;0.093360;0.088157;0.082345;0.085915;0.047956;0.038222
0.075745;0.022012;0.096734;0.019622;0.079788;0.091326;0.094440;0.063672;0.047637;0.081443;0.083118;0.073256;0.081373;0.049082;0.040750
0.061017;0.019839;0.092455;0.012686;0.077863;0.082321;0.083772;0.055987;0.057515;0.100445;0.091716;0.088492;0.087456;0.049381;0.039054
0.069916;0.018640;0.099177;0.014699;0.081042;0.090584;0.093997;0.059377;0.048329;0.089259;0.086965;0.078444;0.084976;0.047083;0.037513
0.081793;0.017727;0.103926;0.017035;0.081198;0.098616;0.102214;0.065040;0.041153;0.077441;0.083633;0.068813;0.080432;0.044518;0.036460
0.074658;0.018732;0.100982;0.015971;0.081146;0.093400;0.097587;0.061788;0.045788;0.083969;0.084923;0.074753;0.082993;0.046117;0.037192
0.082103;0.018461;0.102798;0.017948;0.080866;0.098062;0.101389;0.065555;0.041625;0.076870;0.083246;0.068545;0.080060;0.045193;0.037280
0.054303;0.024380;0.075429;0.009676;0.063989;0.067349;0.062997;0.055375;0.084181;0.106926;0.100270;0.109003;0.086343;0.057072;0.042706
0.057434;0.034607;0.052222;0.008329;0.043261;0.049795;0.041328;0.063250;0.128935;0.089276;0.101805;0.121796;0.079420;0.075304;0.053237
0.071674;0.020615;0.097107;0.016935;0.080325;0.089934;0.093412;0.061199;0.049222;0.086375;0.085014;0.077087;0.083397;0.048375;0.039331
0.072997;0.062809;0.028610;0.011495;0.023383;0.032946;0.022177;0.078756;0.174089;0.053761;0.080828;0.105688;0.064085;0.111855;0.076522
0.068923;0.055140;0.032481;0.010204;0.026660;0.035779;0.025456;0.076338;0.170402;0.060650;0.086778;0.111624;0.067322;0.102024;0.070219
0.067321;0.052429;0.034218;0.009889;0.028204;0.037148;0.026836;0.074618;0.166572;0.063771;0.088890;0.113967;0.068688;0.099315;0.068135
0.067866;0.053441;0.034114;0.010319;0.028200;0.037324;0.026728;0.074380;0.164221;0.063214;0.088260;0.112708;0.068842;0.100909;0.069475
0.081604;0.082090;0.022411;0.016103;0.017792;0.027723;0.017384;0.085868;0.175741;0.041457;0.067324;0.090855;0.055857;0.128076;0.089715
0.062394;0.043940;0.042803;0.009671;0.035638;0.043463;0.033856;0.068967;0.146181;0.075891;0.095333;0.118227;0.074139;0.087871;0.061627
0.058834;0.037437;0.049290;0.008856;0.041078;0.048156;0.038802;0.064265;0.132826;0.085452;0.099169;0.121338;0.078620;0.079689;0.056188
0.058516;0.037046;0.049848;0.008825;0.041682;0.048554;0.039251;0.063869;0.131928;0.086397;0.098992;0.121843;0.079012;0.078697;0.055540
0.053152;0.027266;0.063577;0.007820;0.053134;0.058100;0.049870;0.056484;0.105727;0.102747;0.104471;0.120882;0.085020;0.064967;0.046784
0.053362;0.027977;0.063581;0.008175;0.053460;0.058195;0.050255;0.057015;0.106226;0.102553;0.102555;0.120835;0.084764;0.064411;0.046635
0.055864;0.032292;0.056826;0.008501;0.047464;0.053367;0.044644;0.060261;0.118695;0.094403;0.101610;0.121578;0.081928;0.071403;0.051164
0.058116;0.036412;0.048597;0.008121;0.040225;0.047368;0.037697;0.063546;0.135403;0.086027;0.100032;0.123991;0.079036;0.079825;0.055605
0.052258;0.022610;0.074055;0.007907;0.062020;0.065869;0.060247;0.053661;0.087715;0.110735;0.103109;0.114852;0.087386;0.056541;0.041035
0.056282;0.033279;0.054185;0.008215;0.045231;0.051452;0.042381;0.061097;0.124418;0.092549;0.100958;0.123419;0.081266;0.073411;0.051858
0.063242;0.046355;0.040256;0.009804;0.033708;0.041822;0.031656;0.069794;0.151475;0.072966;0.092614;0.118394;0.073594;0.091010;0.063310
0.059514;0.039353;0.046000;0.008624;0.038466;0.045588;0.036283;0.066084;0.141702;0.082331;0.097376;0.122646;0.077141;0.081940;0.056952
0.059674;0.039225;0.047457;0.009068;0.039527;0.046672;0.037588;0.066030;0.137495;0.082773;0.098066;0.120797;0.077215;0.081144;0.057267
0.061763;0.043378;0.041485;0.008966;0.034506;0.042450;0.032349;0.068128;0.149835;0.075732;0.095172;0.120846;0.074663;0.089239;0.061488
0.055677;0.014801;0.096099;0.007823;0.077867;0.082402;0.083894;0.051332;0.056746;0.111038;0.097971;0.095379;0.090972;0.044772;0.033229
0.060368;0.014074;0.101418;0.008695;0.081045;0.087736;0.091093;0.052857;0.050574;0.103908;0.094255;0.088471;0.089807;0.043327;0.032372
0.061122;0.014038;0.101960;0.008862;0.081327;0.088501;0.091951;0.053143;0.049733;0.102845;0.093831;0.087491;0.089556;0.043259;0.032380
0.052031;0.018716;0.082672;0.007423;0.068457;0.072017;0.068469;0.051142;0.074076;0.114942;0.102962;0.108537;0.089800;0.051654;0.037102
0.058014;0.014819;0.098231;0.008553;0.079372;0.084724;0.086926;0.052231;0.053845;0.107362;0.095983;0.091512;0.090361;0.044644;0.033424
0.055623;0.030359;0.055260;0.007397;0.044880;0.052067;0.042025;0.058859;0.118769;0.093224;0.108215;0.122290;0.082109;0.075776;0.053148
0.082267;0.015948;0.107753;0.015280;0.081681;0.100579;0.105146;0.064564;0.039397;0.076931;0.084418;0.068591;0.080731;0.042448;0.034267
0.080007;0.016681;0.106134;0.015385;0.081598;0.098582;0.103213;0.063684;0.041182;0.078803;0.084516;0.070589;0.081427;0.043274;0.034926
0.079334;0.017746;0.104361;0.016303;0.081154;0.097177;0.101524;0.063869;0.042489;0.078937;0.084235;0.071153;0.081348;0.044320;0.036051
0.083946;0.017424;0.105435;0.017498;0.081001;0.099903;0.103565;0.066282;0.039847;0.074856;0.083605;0.067044;0.079647;0.043829;0.036119
0.074083;0.018406;0.101949;0.015491;0.081000;0.093480;0.097952;0.061507;0.046044;0.083892;0.085561;0.075766;0.083069;0.045344;0.036458
0.084077;0.017041;0.105969;0.017126;0.081176;0.100446;0.104119;0.066132;0.039409;0.074954;0.083714;0.066880;0.079745;0.043493;0.035719
0.089598;0.016938;0.105660;0.018882;0.080344;0.104276;0.105114;0.068871;0.036471;0.070810;0.083099;0.062687;0.077874;0.043276;0.036098
0.090329;0.016144;0.106970;0.018151;0.080520;0.105660;0.106394;0.068865;0.035471;0.070494;0.083317;0.062155;0.077806;0.042476;0.035246
0.089383;0.016210;0.106934;0.017873;0.080782;0.104827;0.106167;0.068402;0.035994;0.071196;0.083413;0.062797;0.078204;0.042565;0.035254
0.085082;0.016323;0.107225;0.016666;0.081321;0.101707;0.105340;0.066388;0.038256;0.074283;0.084062;0.065962;0.079583;0.042790;0.035012
0.089858;0.015996;0.107245;0.017784;0.080726;0.105439;0.106549;0.068508;0.035566;0.070931;0.083492;0.062432;0.078060;0.042353;0.035062
0.085589;0.016096;0.107587;0.016547;0.081477;0.102185;0.105663;0.066471;0.037804;0.074058;0.083993;0.065602;0.079555;0.042577;0.034796
0.007692;0.041427;0.000004;0.895790;0.000001;0.000030;0.000002;0.003210;0.000672;0.000014;0.000036;0.000173;0.000044;0.011516;0.039389
0.008087;0.042499;0.000005;0.892179;0.000002;0.000034;0.000002;0.003412;0.000734;0.000016;0.000041;0.000196;0.000051;0.012071;0.040670
0.010882;0.050428;0.000010;0.867244;0.000004;0.000065;0.000005;0.004802;0.001145;0.000032;0.000077;0.000329;0.000094;0.015868;0.049014
0.010676;0.051176;0.000008;0.867108;0.000003;0.000057;0.000005;0.004753;0.001103;0.000028;0.000069;0.000299;0.000084;0.015710;0.048920
0.009597;0.048445;0.000006;0.876264;0.000002;0.000044;0.000003;0.004217;0.000933;0.000021;0.000053;0.000241;0.000066;0.014254;0.045852
0.015978;0.069420;0.000018;0.816555;0.000008;0.000112;0.000011;0.007779;0.002029;0.000058;0.000141;0.000545;0.000168;0.023204;0.063974
0.066238;0.240945;0.000128;0.347405;0.000060;0.000553;0.000091;0.048737;0.023378;0.000383;0.001167;0.003274;0.001277;0.104472;0.161891
0.042859;0.189839;0.000034;0.529053;0.000014;0.000194;0.000023;0.029376;0.009726;0.000117;0.000377;0.001264;0.000418;0.066573;0.130131
