0.228209;0.000604;0.006213;0.000615;0.194745;0.322362;0.009213;0.025137;0.001627;0.024195;0.017383;0.094763;0.070739;0.000489;0.003708
0.549802;0.003105;0.007659;0.002333;0.100778;0.036371;0.007506;0.048483;0.004739;0.008653;0.091389;0.056672;0.071414;0.002353;0.008744
0.626169;0.000924;0.002860;0.000736;0.076992;0.088610;0.002870;0.015625;0.002617;0.021759;0.032943;0.068462;0.054115;0.000877;0.004441
0.369641;0.000895;0.010915;0.000897;0.123607;0.210082;0.006971;0.010357;0.002262;0.057185;0.032365;0.060060;0.105433;0.001300;0.008031
0.435998;0.000866;0.004329;0.000737;0.075221;0.187820;0.003673;0.010193;0.004638;0.031306;0.030367;0.139287;0.071351;0.000998;0.003214
0.611450;0.000395;0.001104;0.000374;0.029986;0.211070;0.001216;0.004318;0.001820;0.010282;0.006031;0.085583;0.034767;0.000510;0.001093
0.189844;0.000456;0.007156;0.000558;0.217045;0.346258;0.006608;0.003991;0.000735;0.018932;0.004271;0.067235;0.132858;0.000501;0.003553
0.126959;0.000543;0.009930;0.000607;0.177998;0.227309;0.009378;0.004171;0.001552;0.099065;0.006795;0.117327;0.213205;0.000846;0.004315
0.329641;0.000847;0.003899;0.000773;0.066391;0.267079;0.003005;0.003031;0.006387;0.056436;0.006506;0.163168;0.088347;0.001374;0.003116
0.411190;0.001073;0.005827;0.000811;0.107124;0.186718;0.004551;0.014826;0.004911;0.029096;0.020518;0.108546;0.099146;0.001241;0.004424
0.098876;0.000774;0.033520;0.000930;0.295072;0.298965;0.028928;0.009634;0.001199;0.029984;0.015356;0.028961;0.146266;0.000992;0.010542
0.104941;0.000522;0.018686;0.000590;0.136587;0.526440;0.047021;0.011232;0.001119;0.036388;0.013946;0.015757;0.078752;0.000832;0.007187
0.264553;0.000466;0.003082;0.000525;0.087243;0.521382;0.002463;0.001890;0.000749;0.027537;0.002279;0.014056;0.071285;0.000604;0.001886
0.361895;0.000751;0.003231;0.000663;0.043307;0.345930;0.004440;0.005490;0.003652;0.058913;0.010594;0.096507;0.061797;0.000960;0.001871
0.316743;0.001923;0.009577;0.000938;0.122130;0.056782;0.006006;0.013195;0.004595;0.021030;0.045607;0.255948;0.139638;0.001509;0.004378
0.074994;0.001044;0.012181;0.000919;0.092314;0.088437;0.028878;0.014264;0.002303;0.010709;0.041306;0.413174;0.214253;0.001032;0.004190
0.274258;0.000303;0.004483;0.000387;0.126166;0.429547;0.008450;0.002342;0.000412;0.026089;0.003408;0.027589;0.094941;0.000333;0.001293
0.117801;0.001347;0.012707;0.000971;0.173299;0.209422;0.024890;0.007632;0.004508;0.023667;0.023525;0.211745;0.181754;0.002124;0.004608
0.437277;0.024406;0.002178;0.006322;0.080077;0.003815;0.002364;0.004298;0.040368;0.033021;0.001988;0.108834;0.171670;0.063663;0.019718
0.156841;0.003122;0.002246;0.001746;0.022905;0.013622;0.002541;0.003516;0.159476;0.095132;0.002975;0.447431;0.075697;0.008565;0.004187
0.725194;0.001650;0.000967;0.000693;0.006846;0.011376;0.000817;0.003924;0.110322;0.058718;0.001765;0.057655;0.015059;0.003203;0.001811
0.827684;0.006726;0.000561;0.001313;0.005463;0.001691;0.000597;0.000990;0.023089;0.010171;0.000630;0.050486;0.025816;0.041507;0.003275
0.640049;0.001798;0.000331;0.000377;0.005556;0.007399;0.000296;0.004151;0.272939;0.015515;0.001269;0.036969;0.010094;0.002663;0.000594
0.486621;0.002896;0.002416;0.002811;0.118771;0.015187;0.002651;0.002732;0.005434;0.133611;0.001885;0.060712;0.145071;0.007829;0.011373
0.145464;0.033829;0.006264;0.010126;0.082125;0.007048;0.006334;0.007711;0.037374;0.103814;0.004707;0.101499;0.232230;0.137332;0.084145
0.211038;0.020366;0.002534;0.021998;0.171529;0.005741;0.003119;0.003384;0.005662;0.087892;0.001862;0.019200;0.272656;0.061321;0.111697
0.114002;0.001630;0.000475;0.001169;0.076510;0.005556;0.000511;0.000445;0.009658;0.012905;0.000544;0.563114;0.206021;0.006281;0.001179
0.255505;0.007864;0.001377;0.006261;0.127015;0.003331;0.001593;0.001577;0.005585;0.029473;0.001163;0.105007;0.390297;0.053411;0.010543
0.132971;0.005935;0.002393;0.002343;0.066847;0.008141;0.002159;0.002619;0.074728;0.106243;0.002539;0.436329;0.130813;0.020591;0.005349
0.414683;0.005984;0.002555;0.002766;0.047262;0.012205;0.003115;0.004600;0.080986;0.031595;0.003897;0.273947;0.095878;0.016254;0.004274
0.337534;0.001625;0.001264;0.000841;0.016145;0.024872;0.001350;0.008036;0.184552;0.018783;0.010337;0.354464;0.036980;0.001695;0.001523
0.433698;0.017138;0.001813;0.002135;0.022288;0.004054;0.001169;0.003761;0.266708;0.088839;0.002058;0.058122;0.032342;0.056915;0.008958
0.330498;0.146930;0.002416;0.019257;0.013372;0.002693;0.002433;0.003674;0.049988;0.021062;0.002130;0.008262;0.028829;0.267391;0.101065
0.213988;0.004349;0.001128;0.003652;0.194234;0.006079;0.001299;0.001270;0.006770;0.074539;0.000898;0.226919;0.242100;0.016566;0.006210
0.346013;0.001712;0.000187;0.002036;0.076746;0.003028;0.000232;0.000535;0.002950;0.011056;0.000194;0.401553;0.148935;0.003967;0.000857
0.352698;0.002051;0.001422;0.000975;0.011790;0.015141;0.001402;0.004151;0.150675;0.020535;0.009686;0.386965;0.038674;0.002293;0.001542
0.299318;0.007101;0.002179;0.001549;0.018572;0.007043;0.001766;0.004363;0.334768;0.016806;0.004903;0.221022;0.064495;0.012966;0.003147
0.226721;0.003275;0.003311;0.001441;0.022189;0.022502;0.003055;0.013746;0.263756;0.016227;0.068447;0.316580;0.030568;0.003462;0.004720
0.310139;0.001496;0.002666;0.000845;0.021746;0.035988;0.001886;0.004198;0.050284;0.010111;0.021584;0.444047;0.089416;0.003377;0.002219
0.111584;0.002747;0.003524;0.001064;0.013725;0.019275;0.002534;0.024863;0.410203;0.024596;0.045315;0.307869;0.026290;0.002501;0.003911
0.436762;0.005987;0.000461;0.001723;0.071144;0.002497;0.000412;0.000771;0.011927;0.006291;0.000800;0.283754;0.160796;0.015526;0.001147
0.812295;0.021496;0.000789;0.010911;0.013630;0.001372;0.000851;0.001027;0.003487;0.015318;0.000640;0.007412;0.037766;0.056805;0.016202
0.343648;0.016072;0.002611;0.005266;0.087706;0.003471;0.002110;0.002975;0.033518;0.073734;0.002553;0.057148;0.204849;0.145529;0.018811
0.072217;0.030561;0.002028;0.014867;0.003534;0.001883;0.001444;0.004361;0.023074;0.031691;0.001561;0.001887;0.006432;0.677039;0.127423
0.136345;0.036635;0.001688;0.021931;0.007667;0.001507;0.001336;0.002619;0.011080;0.013789;0.001272;0.002545;0.022082;0.583625;0.155880
0.773593;0.011392;0.001054;0.037552;0.012083;0.002824;0.001467;0.001524;0.003168;0.009022;0.000877;0.004876;0.033026;0.043756;0.063787
0.183557;0.017349;0.004150;0.018608;0.184920;0.006480;0.004284;0.003596;0.007759;0.088154;0.002978;0.016380;0.245206;0.132920;0.083659
0.421105;0.022788;0.003094;0.007979;0.078278;0.004408;0.002979;0.003862;0.018394;0.079934;0.002329;0.037312;0.116421;0.155406;0.045711
0.459843;0.000447;0.001379;0.000509;0.033149;0.099791;0.001199;0.001598;0.002111;0.010473;0.003688;0.309322;0.074646;0.000678;0.001167
0.589327;0.000701;0.002991;0.000668;0.078520;0.214210;0.002771;0.008847;0.001098;0.013800;0.011521;0.024715;0.046324;0.000765;0.003743
0.526398;0.000917;0.002659;0.001157;0.083526;0.330591;0.002615;0.004298;0.001193;0.011025;0.003832;0.003698;0.021888;0.001141;0.005060
0.311417;0.001931;0.015020;0.001602;0.241253;0.100061;0.011723;0.030764;0.004951;0.033097;0.037672;0.084809;0.104066;0.002163;0.019471
0.664157;0.000763;0.002964;0.000544;0.041911;0.148052;0.001957;0.021172;0.002752;0.007205;0.038300;0.035807;0.031351;0.000758;0.002306
0.214318;0.000182;0.003553;0.000242;0.058384;0.592674;0.005385;0.002883;0.000431;0.033572;0.003369;0.039104;0.043617;0.000181;0.002104
0.296024;0.001390;0.004482;0.001049;0.039331;0.065607;0.005992;0.020546;0.007067;0.003851;0.108569;0.353171;0.089028;0.001294;0.002599
0.608453;0.001384;0.002448;0.000618;0.050257;0.038436;0.002347;0.008579;0.005284;0.011950;0.016402;0.186713;0.062528;0.001664;0.002937
0.150464;0.000901;0.005629;0.000902;0.476883;0.102511;0.005030;0.016312;0.001210;0.009348;0.015691;0.083283;0.128976;0.000529;0.002330
0.372444;0.000676;0.001563;0.000637;0.220763;0.120777;0.001292;0.005166;0.002090;0.029631;0.004740;0.166582;0.071238;0.000412;0.001988
0.134662;0.001238;0.004123;0.001158;0.168207;0.046547;0.005796;0.012146;0.001947;0.002659;0.032062;0.328867;0.257204;0.000901;0.002482
0.197246;0.003136;0.030713;0.002655;0.253103;0.131182;0.038324;0.047730;0.004347;0.026219;0.080091;0.059027;0.102332;0.002903;0.020993
0.968519;0.001033;0.000335;0.000714;0.001128;0.001422;0.000151;0.005303;0.001644;0.000615;0.009628;0.001140;0.002818;0.003370;0.002181
0.924040;0.000543;0.000643;0.000484;0.002286;0.004267;0.000337;0.010695;0.001040;0.000993;0.039674;0.003343;0.006715;0.000799;0.004142
0.370368;0.002669;0.004735;0.001641;0.045162;0.014233;0.005188;0.032998;0.005321;0.002822;0.097578;0.300309;0.111621;0.001642;0.003713
0.214763;0.126804;0.005830;0.006375;0.045313;0.002091;0.003758;0.046858;0.074183;0.007123;0.010808;0.213570;0.176424;0.054612;0.011487
0.647448;0.004010;0.002268;0.001063;0.019936;0.003971;0.001573;0.056979;0.015339;0.003353;0.133530;0.060463;0.043877;0.001576;0.004615
0.626294;0.005195;0.003991;0.001562;0.054127;0.007181;0.002558;0.046895;0.008646;0.006154;0.082331;0.098777;0.044099;0.001756;0.010433
0.516920;0.008822;0.002877;0.001351;0.084775;0.019132;0.001658;0.070112;0.075671;0.030380;0.026131;0.116625;0.039417;0.002570;0.003558
0.551506;0.000621;0.002185;0.000473;0.034175;0.119840;0.002364;0.009309;0.004971;0.047782;0.012642;0.173617;0.036836;0.000680;0.002997
0.271254;0.002970;0.008715;0.002010;0.017062;0.071104;0.006135;0.013421;0.243135;0.066943;0.066901;0.170747;0.047241;0.007081;0.005281
0.376159;0.000419;0.000569;0.000456;0.017666;0.029320;0.000417;0.001706;0.009335;0.023014;0.001242;0.494690;0.043605;0.000459;0.000944
0.496323;0.000854;0.001454;0.000863;0.040579;0.018172;0.000869;0.001683;0.005135;0.044672;0.000814;0.288860;0.093777;0.001798;0.004147
0.406266;0.000922;0.001661;0.000616;0.026816;0.040205;0.000724;0.002627;0.038760;0.022548;0.004076;0.395040;0.057000;0.001521;0.001219
0.307908;0.000507;0.000581;0.000622;0.034752;0.039281;0.000615;0.000659;0.002482;0.004519;0.000864;0.472387;0.132986;0.001110;0.000728
0.209919;0.000821;0.001959;0.000715;0.032686;0.046446;0.001151;0.002488;0.031950;0.028664;0.004482;0.565784;0.069961;0.001513;0.001462
0.306512;0.001976;0.001523;0.001316;0.048788;0.023516;0.001497;0.002462;0.052329;0.042400;0.001749;0.447676;0.061721;0.003906;0.002628
0.531075;0.002128;0.001492;0.001499;0.127391;0.010087;0.000947;0.001729;0.010700;0.064227;0.001157;0.119968;0.113789;0.008008;0.005804
0.654164;0.000440;0.001248;0.000408;0.022041;0.092718;0.000650;0.002098;0.007655;0.042244;0.002084;0.130004;0.042335;0.000783;0.001127
0.602227;0.000464;0.000568;0.000402;0.018967;0.092890;0.000537;0.003126;0.012461;0.017158;0.002418;0.210857;0.036761;0.000570;0.000592
0.248948;0.000159;0.000963;0.000183;0.014897;0.706376;0.000527;0.002140;0.000338;0.012291;0.000920;0.000786;0.010072;0.000295;0.001103
0.718724;0.000073;0.000087;0.000088;0.006005;0.259968;0.000048;0.000305;0.000621;0.004965;0.000258;0.003498;0.005093;0.000142;0.000126
0.649951;0.000164;0.000381;0.000136;0.009645;0.311712;0.000272;0.002216;0.001440;0.008623;0.001506;0.003181;0.009706;0.000464;0.000603
0.627532;0.000153;0.001209;0.000165;0.005433;0.298446;0.000675;0.004358;0.001141;0.043209;0.002921;0.002260;0.009097;0.000448;0.002954
0.025922;0.000021;0.000902;0.000046;0.010220;0.947245;0.001232;0.000505;0.000040;0.004019;0.000198;0.000553;0.008845;0.000022;0.000230
0.269945;0.000110;0.000649;0.000158;0.018691;0.684827;0.000633;0.001585;0.000175;0.008924;0.000629;0.000923;0.011913;0.000134;0.000704
0.019483;0.000043;0.001186;0.000068;0.026756;0.929769;0.005083;0.000484;0.000054;0.004806;0.000211;0.000760;0.010850;0.000043;0.000403
0.030064;0.000119;0.003833;0.000196;0.190500;0.701760;0.008993;0.001364;0.000120;0.009438;0.000460;0.003622;0.048497;0.000096;0.000938
0.018542;0.000024;0.000943;0.000053;0.041115;0.921482;0.001854;0.000572;0.000026;0.003741;0.000137;0.000951;0.010323;0.000019;0.000217
0.022915;0.000109;0.004460;0.000160;0.056616;0.862926;0.008273;0.002278;0.000163;0.018388;0.000770;0.001556;0.019916;0.000112;0.001359
0.187570;0.000137;0.002668;0.000176;0.019063;0.717513;0.002195;0.003210;0.000345;0.041977;0.002288;0.003932;0.016075;0.000169;0.002681
0.220600;0.000128;0.002936;0.000165;0.019020;0.623515;0.004547;0.003663;0.000620;0.066227;0.002474;0.019203;0.035133;0.000153;0.001617
0.609674;0.000295;0.000717;0.000284;0.026148;0.226506;0.000515;0.002183;0.002775;0.061117;0.001267;0.049389;0.018085;0.000315;0.000729
0.176542;0.000287;0.002553;0.000312;0.029003;0.663493;0.003191;0.001482;0.000612;0.069632;0.001502;0.023116;0.026957;0.000327;0.000991
0.220021;0.000732;0.003525;0.000728;0.084614;0.463931;0.004487;0.002459;0.002224;0.050514;0.003985;0.085621;0.073465;0.000951;0.002744
0.064518;0.000676;0.004853;0.000819;0.065859;0.271185;0.014209;0.001890;0.002111;0.086079;0.002124;0.334438;0.147138;0.000775;0.003326
0.225145;0.000766;0.002214;0.000805;0.062624;0.268882;0.002957;0.001764;0.003320;0.068931;0.002384;0.286797;0.070773;0.000908;0.001729
0.339611;0.000963;0.004022;0.000945;0.026805;0.115745;0.002736;0.009376;0.032916;0.242380;0.007474;0.158931;0.052982;0.001722;0.003393
0.001111;0.693275;0.000668;0.220381;0.000570;0.000829;0.000711;0.015941;0.045299;0.001284;0.000560;0.000543;0.000710;0.015752;0.002367
0.012353;0.372810;0.008257;0.262321;0.007662;0.009297;0.009018;0.154704;0.076453;0.012048;0.006908;0.006300;0.008868;0.031485;0.021514
0.000021;0.974316;0.000089;0.006853;0.000082;0.000004;0.000056;0.000250;0.000648;0.000075;0.000018;0.000090;0.000327;0.016808;0.000362
0.000071;0.851132;0.000075;0.080232;0.000112;0.000010;0.000075;0.000368;0.001312;0.000320;0.000017;0.000122;0.000436;0.063703;0.002016
0.000351;0.558086;0.000087;0.386137;0.000129;0.000057;0.000092;0.000333;0.001062;0.000464;0.000054;0.000184;0.000369;0.051279;0.001317
0.000344;0.747707;0.000055;0.226774;0.000051;0.000060;0.000049;0.001996;0.003315;0.000346;0.000042;0.000054;0.000082;0.016200;0.002925
0.003924;0.645008;0.005896;0.003612;0.005428;0.001023;0.002250;0.005204;0.186027;0.005893;0.006502;0.060803;0.012909;0.051202;0.004319
0.003250;0.451049;0.011004;0.003469;0.006171;0.001224;0.004096;0.011321;0.252862;0.008524;0.009110;0.058447;0.025695;0.146359;0.007419
0.043430;0.382976;0.002480;0.007534;0.023218;0.001514;0.002333;0.004104;0.130043;0.012158;0.001986;0.104526;0.083805;0.194947;0.004947
0.089901;0.251069;0.003006;0.012156;0.052086;0.002216;0.002828;0.003180;0.040438;0.010848;0.002381;0.070819;0.178809;0.271282;0.008980
0.009528;0.482090;0.004196;0.004661;0.009422;0.001150;0.003143;0.005132;0.145677;0.007757;0.003031;0.072868;0.036984;0.208595;0.005764
0.000418;0.932119;0.000073;0.041665;0.000158;0.000058;0.000074;0.000382;0.005390;0.000128;0.000055;0.000209;0.000581;0.018035;0.000655
0.000511;0.915684;0.006220;0.001545;0.000345;0.000046;0.001026;0.004610;0.010968;0.000185;0.001781;0.002837;0.001917;0.051448;0.000877
0.000181;0.959975;0.000295;0.016368;0.000371;0.000038;0.000209;0.002663;0.002268;0.000241;0.000120;0.000381;0.001075;0.013608;0.002208
0.000197;0.803183;0.000483;0.006996;0.000223;0.000030;0.000215;0.005804;0.006885;0.000613;0.000080;0.000235;0.001173;0.168319;0.005563
0.002038;0.510461;0.006583;0.002703;0.003642;0.000496;0.001948;0.011014;0.115593;0.014939;0.001775;0.006698;0.007518;0.288285;0.026305
0.000412;0.874298;0.000264;0.007780;0.000455;0.000020;0.000165;0.000507;0.003981;0.000271;0.000110;0.000554;0.001734;0.108183;0.001265
0.000039;0.984547;0.000029;0.011765;0.000067;0.000007;0.000027;0.000052;0.000155;0.000028;0.000013;0.000106;0.000351;0.002759;0.000056
0.006248;0.004887;0.005778;0.000732;0.005861;0.002049;0.002299;0.003551;0.483470;0.004397;0.048497;0.393514;0.030833;0.006525;0.001360
0.019670;0.001085;0.003915;0.000651;0.016066;0.007608;0.015417;0.003715;0.014032;0.003403;0.037423;0.701542;0.172099;0.001551;0.001822
0.012840;0.009144;0.012387;0.000985;0.012250;0.003807;0.005355;0.009346;0.418230;0.013193;0.038052;0.386656;0.059059;0.012266;0.006431
0.024561;0.020204;0.016561;0.002145;0.068039;0.002837;0.005899;0.010498;0.205140;0.062778;0.009137;0.390786;0.124427;0.023313;0.033674
0.060296;0.156885;0.004256;0.007693;0.043130;0.003645;0.003982;0.005036;0.184545;0.023793;0.004197;0.262318;0.131458;0.098117;0.010648
0.089248;0.586379;0.001446;0.036468;0.014397;0.001371;0.001642;0.008645;0.035015;0.007282;0.001217;0.008696;0.033647;0.101137;0.073410
0.000325;0.968980;0.000048;0.003620;0.000104;0.000017;0.000042;0.000243;0.007743;0.000359;0.000032;0.000174;0.000326;0.017441;0.000546
0.020210;0.424216;0.002743;0.004521;0.006339;0.001587;0.001774;0.005553;0.171773;0.021721;0.002705;0.017808;0.019252;0.291612;0.008187
0.010928;0.824811;0.000562;0.005322;0.001533;0.000487;0.000505;0.003066;0.057581;0.005006;0.000484;0.001820;0.003344;0.081041;0.003511
0.002253;0.967011;0.000070;0.005490;0.000287;0.000043;0.000077;0.000376;0.012332;0.000461;0.000069;0.000453;0.000581;0.009972;0.000525
0.000339;0.938867;0.000195;0.002499;0.000307;0.000035;0.000087;0.013968;0.032312;0.000242;0.000154;0.000555;0.000617;0.008691;0.001132
0.002878;0.856380;0.000736;0.046549;0.001281;0.000523;0.000655;0.005758;0.017055;0.001897;0.000583;0.001169;0.002444;0.036923;0.025170
0.000346;0.948839;0.000025;0.033710;0.000034;0.000026;0.000022;0.002268;0.006199;0.000227;0.000023;0.000041;0.000070;0.005915;0.002254
0.000134;0.982690;0.000019;0.006690;0.000030;0.000009;0.000018;0.000911;0.002662;0.000216;0.000010;0.000042;0.000102;0.005227;0.001240
0.003376;0.877312;0.000095;0.013401;0.000332;0.000062;0.000108;0.000460;0.008650;0.000929;0.000063;0.000464;0.001018;0.091748;0.001984
0.014668;0.776114;0.000451;0.027029;0.001250;0.000462;0.000468;0.001600;0.020720;0.003051;0.000385;0.001145;0.002511;0.137419;0.012724
0.015218;0.785522;0.000377;0.009297;0.001508;0.000355;0.000372;0.001369;0.031984;0.003428;0.000330;0.001542;0.003095;0.140320;0.005282
0.048090;0.465007;0.001013;0.052250;0.002472;0.001106;0.001044;0.001709;0.024920;0.004756;0.000960;0.002286;0.004534;0.373374;0.016480
0.003065;0.576891;0.006140;0.003162;0.002852;0.000629;0.001139;0.128523;0.200796;0.004459;0.006486;0.006981;0.004377;0.041186;0.013314
0.001767;0.783960;0.000460;0.005207;0.000906;0.000135;0.000235;0.057834;0.115629;0.000726;0.000740;0.001792;0.002261;0.020305;0.008042
0.008088;0.206461;0.008632;0.003028;0.005151;0.002254;0.002882;0.029689;0.550424;0.020555;0.014220;0.028516;0.009974;0.093891;0.016234
0.001526;0.954903;0.000056;0.014122;0.000133;0.000050;0.000062;0.000505;0.009656;0.000414;0.000045;0.000220;0.000446;0.016229;0.001634
0.006474;0.916917;0.000252;0.027473;0.000608;0.000254;0.000273;0.002283;0.019075;0.001128;0.000234;0.000669;0.001403;0.017731;0.005226
0.006653;0.923261;0.000159;0.030230;0.000551;0.000170;0.000188;0.000693;0.014799;0.000632;0.000142;0.000799;0.001484;0.017622;0.002619
0.001017;0.967808;0.000057;0.010001;0.000173;0.000038;0.000064;0.001057;0.009283;0.000323;0.000051;0.000248;0.000576;0.007876;0.001428
0.000879;0.881077;0.000166;0.069978;0.000192;0.000116;0.000137;0.000661;0.003682;0.000542;0.000123;0.000237;0.000389;0.035340;0.006482
0.002093;0.870097;0.000148;0.031240;0.000375;0.000087;0.000153;0.000664;0.007293;0.000707;0.000104;0.000521;0.001295;0.082171;0.003053
0.003985;0.897206;0.000300;0.003597;0.000874;0.000229;0.000263;0.002225;0.048719;0.001684;0.000251;0.001107;0.002544;0.035430;0.001586
0.000278;0.973838;0.000109;0.004414;0.000210;0.000017;0.000076;0.002139;0.006946;0.000147;0.000077;0.000283;0.000602;0.009718;0.001145
0.000021;0.991589;0.000011;0.005834;0.000061;0.000004;0.000023;0.000109;0.000655;0.000028;0.000016;0.000068;0.000196;0.001311;0.000074
0.001443;0.867096;0.000264;0.064780;0.000393;0.000193;0.000241;0.001621;0.005628;0.001172;0.000190;0.000436;0.000906;0.036203;0.019434
0.001756;0.839031;0.000248;0.035408;0.000398;0.000119;0.000210;0.000817;0.006512;0.001039;0.000157;0.000517;0.001127;0.102848;0.009813
0.000357;0.800402;0.000304;0.006046;0.000186;0.000053;0.000147;0.002595;0.007116;0.001643;0.000072;0.000175;0.000501;0.162760;0.017644
0.000384;0.952873;0.000085;0.014410;0.000137;0.000035;0.000069;0.000466;0.003699;0.000401;0.000045;0.000156;0.000392;0.022794;0.004054
0.002237;0.169636;0.015387;0.001825;0.001505;0.001006;0.004167;0.062867;0.616303;0.001957;0.066817;0.032704;0.003412;0.016993;0.003185
0.001229;0.596383;0.007775;0.002149;0.001212;0.000606;0.001763;0.013984;0.281513;0.001494;0.009953;0.036094;0.004086;0.038240;0.003518
0.001115;0.695904;0.001083;0.001759;0.000654;0.000172;0.000505;0.001479;0.031321;0.005716;0.000465;0.006046;0.005288;0.245979;0.002514
0.008949;0.783180;0.000144;0.016191;0.001263;0.000118;0.000194;0.000435;0.008987;0.003424;0.000081;0.001942;0.007815;0.161973;0.005304
0.000186;0.948495;0.000021;0.026522;0.000067;0.000010;0.000026;0.000073;0.001450;0.000146;0.000011;0.000093;0.000367;0.022042;0.000491
0.001825;0.910611;0.000058;0.042748;0.000277;0.000035;0.000084;0.000135;0.002885;0.000730;0.000030;0.000377;0.001175;0.037664;0.001367
0.000204;0.954910;0.000013;0.032826;0.000035;0.000012;0.000019;0.000117;0.001614;0.000120;0.000010;0.000061;0.000144;0.009561;0.000353
0.000142;0.942872;0.000057;0.011349;0.000119;0.000008;0.000067;0.000246;0.002320;0.000315;0.000011;0.000163;0.000602;0.040224;0.001505
0.006096;0.559103;0.000650;0.223567;0.001119;0.000588;0.000665;0.002754;0.012385;0.002948;0.000494;0.001228;0.002812;0.128135;0.057455
0.003423;0.882199;0.000187;0.046943;0.000646;0.000123;0.000216;0.000775;0.006802;0.000762;0.000127;0.000784;0.002217;0.050316;0.004481
0.000141;0.983808;0.000020;0.004661;0.000050;0.000005;0.000023;0.000136;0.001633;0.000212;0.000009;0.000082;0.000208;0.008468;0.000544
0.000172;0.949691;0.000102;0.007831;0.000109;0.000012;0.000057;0.000212;0.001663;0.000224;0.000035;0.000126;0.000327;0.038503;0.000936
0.000132;0.928700;0.000761;0.000830;0.000069;0.000034;0.000086;0.010251;0.047544;0.000099;0.001058;0.000820;0.000154;0.009226;0.000234
0.000007;0.996360;0.000065;0.000293;0.000011;0.000001;0.000007;0.000321;0.002258;0.000012;0.000029;0.000027;0.000020;0.000559;0.000030
0.000248;0.951485;0.000076;0.035135;0.000156;0.000040;0.000073;0.000140;0.000960;0.000105;0.000047;0.000205;0.000559;0.010569;0.000205
0.000151;0.987536;0.000023;0.002449;0.000068;0.000003;0.000020;0.000111;0.001873;0.000056;0.000011;0.000114;0.000275;0.007225;0.000087
0.000516;0.970238;0.000174;0.011530;0.000367;0.000036;0.000130;0.000603;0.004646;0.000176;0.000117;0.000401;0.000913;0.009258;0.000896
0.008828;0.773887;0.000986;0.014253;0.002542;0.000393;0.000642;0.010294;0.039831;0.002458;0.000813;0.002833;0.007720;0.099567;0.034953
0.005059;0.666597;0.000404;0.145282;0.001660;0.000322;0.000539;0.003190;0.005633;0.002055;0.000282;0.001491;0.006539;0.123967;0.036979
0.012432;0.443414;0.001193;0.255777;0.003358;0.001053;0.001328;0.003819;0.006928;0.003563;0.000912;0.003003;0.010735;0.166463;0.086023
0.000164;0.861060;0.000411;0.001905;0.000233;0.000030;0.000404;0.001741;0.011407;0.001429;0.000048;0.000908;0.002487;0.115551;0.002223
0.000050;0.960109;0.000203;0.000762;0.000055;0.000006;0.000124;0.000369;0.004017;0.000265;0.000025;0.000358;0.000486;0.032905;0.000266
0.000158;0.973685;0.000022;0.002803;0.000081;0.000008;0.000047;0.000142;0.001832;0.000318;0.000008;0.000287;0.000589;0.019617;0.000403
0.000158;0.976565;0.000047;0.002543;0.000054;0.000037;0.000045;0.003292;0.012016;0.000635;0.000031;0.000061;0.000140;0.003660;0.000716
0.000057;0.955287;0.000025;0.004650;0.000023;0.000007;0.000020;0.000497;0.002444;0.000341;0.000003;0.000027;0.000082;0.035910;0.000626
0.000045;0.981202;0.000046;0.001236;0.000025;0.000006;0.000024;0.000795;0.003611;0.000369;0.000007;0.000040;0.000109;0.012157;0.000328
0.000096;0.979836;0.000045;0.001017;0.000054;0.000012;0.000029;0.000416;0.006132;0.001034;0.000020;0.000068;0.000137;0.010821;0.000284
0.000293;0.983611;0.000030;0.004039;0.000082;0.000014;0.000030;0.000825;0.005900;0.000333;0.000023;0.000107;0.000272;0.003764;0.000677
0.000045;0.990379;0.000014;0.001615;0.000016;0.000003;0.000009;0.000341;0.002203;0.000154;0.000003;0.000030;0.000089;0.004883;0.000216
0.000144;0.990471;0.000024;0.000636;0.000087;0.000006;0.000032;0.000120;0.002320;0.000335;0.000010;0.000764;0.000484;0.004444;0.000123
0.000312;0.968163;0.000059;0.001603;0.000076;0.000016;0.000036;0.000387;0.006349;0.000791;0.000029;0.000141;0.000276;0.021545;0.000216
0.000043;0.983799;0.000037;0.000621;0.000024;0.000006;0.000031;0.000598;0.003276;0.000582;0.000009;0.000062;0.000122;0.010655;0.000135
0.000064;0.920553;0.009158;0.000413;0.000119;0.000053;0.001242;0.012786;0.043549;0.000571;0.000625;0.001360;0.000170;0.008476;0.000861
0.000040;0.963026;0.000215;0.000740;0.000076;0.000016;0.000222;0.002250;0.005542;0.000562;0.000016;0.000266;0.000742;0.025113;0.001173
0.000016;0.991067;0.000014;0.002477;0.000013;0.000002;0.000009;0.000382;0.001463;0.000065;0.000001;0.000020;0.000078;0.004124;0.000269
0.000120;0.990204;0.000012;0.003184;0.000028;0.000006;0.000013;0.000336;0.002954;0.000192;0.000007;0.000048;0.000122;0.002312;0.000463
0.000503;0.963744;0.000015;0.020756;0.000033;0.000017;0.000018;0.000631;0.005177;0.000267;0.000015;0.000054;0.000137;0.006956;0.001678
0.000032;0.993025;0.000008;0.000918;0.000012;0.000002;0.000007;0.000106;0.001043;0.000195;0.000001;0.000022;0.000067;0.004477;0.000084
0.000548;0.944306;0.000098;0.003435;0.000187;0.000019;0.000089;0.000455;0.005052;0.000798;0.000040;0.000415;0.000947;0.042864;0.000745
0.000370;0.962175;0.000058;0.003461;0.000093;0.000019;0.000047;0.000485;0.006913;0.000386;0.000035;0.000207;0.000316;0.025038;0.000397
0.001020;0.856782;0.000210;0.006723;0.000351;0.000078;0.000158;0.000765;0.014211;0.002663;0.000104;0.000411;0.000914;0.109318;0.006290
0.000453;0.853016;0.000143;0.007038;0.000223;0.000052;0.000209;0.000821;0.010808;0.001694;0.000041;0.000383;0.001217;0.119856;0.004046
0.000276;0.969507;0.000149;0.002153;0.000130;0.000037;0.000081;0.002934;0.008515;0.001168;0.000044;0.000181;0.000467;0.012655;0.001703
0.000263;0.912294;0.000681;0.001119;0.000234;0.000117;0.000231;0.004520;0.021615;0.004119;0.000222;0.000315;0.000517;0.051245;0.002509
0.000023;0.967112;0.000009;0.021623;0.000021;0.000004;0.000011;0.000039;0.000233;0.000028;0.000004;0.000034;0.000191;0.010637;0.000033
0.000059;0.945234;0.000038;0.041190;0.000057;0.000020;0.000040;0.000207;0.000667;0.000072;0.000024;0.000089;0.000257;0.011826;0.000221
0.000258;0.897570;0.000072;0.043366;0.000256;0.000022;0.000094;0.000267;0.000550;0.000210;0.000028;0.000360;0.001945;0.054609;0.000393
0.000317;0.847783;0.000057;0.075611;0.000239;0.000032;0.000078;0.000243;0.000805;0.000170;0.000032;0.000274;0.001912;0.072146;0.000299
0.000366;0.830118;0.000087;0.088546;0.000276;0.000050;0.000119;0.000257;0.000441;0.000174;0.000053;0.000438;0.002488;0.076256;0.000331
0.000209;0.818381;0.000043;0.093422;0.000153;0.000018;0.000055;0.000124;0.000804;0.000154;0.000018;0.000210;0.001121;0.085121;0.000165
0.024563;0.001236;0.027417;0.001041;0.156408;0.190538;0.046152;0.007877;0.003434;0.040166;0.015637;0.325776;0.152309;0.001124;0.006322
0.003068;0.002287;0.249639;0.001141;0.023950;0.015215;0.345339;0.050303;0.025233;0.061986;0.110809;0.052590;0.020416;0.001882;0.036143
0.053910;0.001770;0.089637;0.001411;0.170564;0.150693;0.122425;0.047906;0.006127;0.092958;0.068123;0.054076;0.117732;0.002008;0.020660
0.001970;0.000578;0.160460;0.000700;0.025214;0.040591;0.629546;0.015721;0.001995;0.033282;0.033470;0.015738;0.016427;0.000638;0.023668
0.007438;0.000925;0.096753;0.001002;0.037059;0.054545;0.501718;0.040843;0.003359;0.067606;0.050141;0.073077;0.036505;0.000946;0.028084
0.001834;0.000773;0.183883;0.000877;0.032172;0.015871;0.532508;0.023058;0.003228;0.071563;0.040917;0.032185;0.032456;0.000727;0.027948
0.006339;0.001592;0.211212;0.001093;0.021704;0.032609;0.344355;0.060311;0.011958;0.126007;0.078565;0.030433;0.028698;0.002445;0.042679
0.004087;0.001214;0.204599;0.001188;0.037377;0.015715;0.434095;0.015313;0.003387;0.062052;0.018907;0.075885;0.058452;0.002035;0.065693
0.002541;0.004612;0.055381;0.003140;0.044158;0.002634;0.133237;0.004998;0.004922;0.039641;0.003007;0.068942;0.523874;0.028054;0.080858
0.002275;0.000725;0.239906;0.000941;0.011942;0.013412;0.575309;0.009868;0.002241;0.023367;0.037051;0.023115;0.026001;0.001397;0.032449
0.006529;0.001467;0.188458;0.001405;0.028542;0.027005;0.352572;0.039905;0.007431;0.128054;0.030964;0.055984;0.072288;0.003422;0.055974
0.001620;0.002946;0.311141;0.000948;0.005290;0.005872;0.321102;0.040969;0.023964;0.018314;0.211114;0.015749;0.012381;0.003383;0.025208
0.005162;0.001232;0.096602;0.001252;0.078888;0.026275;0.242524;0.008279;0.003806;0.117654;0.012379;0.217445;0.160374;0.001412;0.026717
0.007046;0.000985;0.151709;0.001061;0.080761;0.049535;0.346228;0.010545;0.002484;0.151649;0.036400;0.027908;0.107061;0.001593;0.025034
0.007685;0.001673;0.150421;0.001062;0.047309;0.041277;0.443568;0.028125;0.006157;0.060838;0.094651;0.034075;0.049906;0.002446;0.030807
0.008431;0.000913;0.109165;0.001056;0.035743;0.095166;0.537712;0.014727;0.002604;0.034715;0.070745;0.026906;0.045709;0.001166;0.015241
0.010472;0.001075;0.140317;0.000963;0.047527;0.069202;0.418568;0.038559;0.003690;0.094731;0.069803;0.036139;0.036625;0.001303;0.031026
0.004278;0.000986;0.158672;0.001006;0.026860;0.049079;0.467017;0.021835;0.004653;0.107028;0.063815;0.030446;0.033222;0.001491;0.029611
0.000565;0.000801;0.843157;0.000697;0.000888;0.002346;0.044460;0.044429;0.001330;0.011934;0.012234;0.000475;0.001094;0.003758;0.031832
0.000161;0.000736;0.915245;0.000544;0.000342;0.000337;0.040279;0.021835;0.000737;0.000971;0.004435;0.000208;0.000361;0.001815;0.011993
0.000533;0.000651;0.801788;0.000644;0.000937;0.001702;0.101267;0.037994;0.000885;0.007696;0.017038;0.000464;0.001678;0.002325;0.024398
0.001368;0.002233;0.329131;0.000559;0.001486;0.002084;0.049449;0.365384;0.007849;0.004548;0.203683;0.000963;0.002834;0.004399;0.024029
0.000446;0.001277;0.834741;0.000754;0.000800;0.001043;0.068347;0.034026;0.001783;0.002960;0.031289;0.000481;0.001097;0.002732;0.018224
0.000233;0.001338;0.769200;0.000517;0.000511;0.000729;0.035063;0.135931;0.003010;0.003232;0.024679;0.000323;0.000603;0.002905;0.021726
0.000734;0.003396;0.604720;0.001016;0.001667;0.000898;0.178231;0.058078;0.003277;0.002941;0.094671;0.005760;0.003790;0.002000;0.038821
0.000789;0.002282;0.552017;0.001027;0.002370;0.001215;0.267330;0.061443;0.003577;0.003880;0.053594;0.007893;0.002599;0.000969;0.039016
0.001953;0.001979;0.343826;0.001240;0.003517;0.001828;0.298777;0.125421;0.002739;0.004547;0.128359;0.015563;0.008202;0.001653;0.060394
0.000592;0.002776;0.366284;0.000676;0.001284;0.001260;0.155565;0.182248;0.013506;0.003769;0.242624;0.004525;0.002261;0.001979;0.020652
0.002304;0.005314;0.083238;0.001304;0.003230;0.002574;0.020834;0.507668;0.021834;0.004634;0.290271;0.002956;0.002966;0.003230;0.047642
0.001441;0.034444;0.511498;0.001795;0.002020;0.001267;0.016070;0.192154;0.059262;0.004555;0.137248;0.002766;0.002902;0.009555;0.023021
0.001251;0.005072;0.519174;0.001322;0.002510;0.001475;0.242974;0.065972;0.004844;0.004050;0.102964;0.015946;0.004389;0.001809;0.026247
0.000892;0.004258;0.311063;0.000983;0.001655;0.001178;0.404830;0.031513;0.010509;0.006465;0.165196;0.020657;0.004535;0.002756;0.033508
0.003467;0.002477;0.237207;0.001386;0.009155;0.002234;0.523957;0.019820;0.001854;0.006623;0.091915;0.043858;0.023839;0.001607;0.030601
0.004895;0.006728;0.193745;0.002051;0.005557;0.002809;0.309553;0.047648;0.011293;0.006842;0.313983;0.048186;0.024587;0.003762;0.018361
0.000937;0.004069;0.384313;0.000971;0.001531;0.001075;0.196572;0.114043;0.010014;0.003747;0.234738;0.011191;0.004401;0.002476;0.029923
0.002220;0.007207;0.201753;0.001505;0.002227;0.002558;0.071054;0.340074;0.041523;0.007429;0.298144;0.004557;0.003670;0.006197;0.009883
0.000569;0.007929;0.271494;0.000565;0.000929;0.000647;0.012141;0.498475;0.062846;0.005082;0.099120;0.002144;0.001252;0.006131;0.030677
0.000739;0.005100;0.549637;0.001089;0.001196;0.000848;0.047347;0.245783;0.030794;0.008895;0.045527;0.001713;0.001812;0.005918;0.053601
0.001859;0.011872;0.459213;0.001896;0.003405;0.001940;0.028378;0.104533;0.051009;0.039810;0.045369;0.003296;0.003776;0.015820;0.227823
0.001739;0.022894;0.573652;0.001891;0.003867;0.001908;0.070523;0.072339;0.097681;0.019730;0.078711;0.005987;0.005039;0.011281;0.032758
0.001258;0.011241;0.576053;0.001270;0.002803;0.001669;0.077977;0.124591;0.045578;0.014063;0.073526;0.003927;0.003626;0.010034;0.052384
0.000983;0.005464;0.589100;0.001067;0.001957;0.002052;0.072103;0.146262;0.040618;0.017200;0.079758;0.002484;0.002381;0.005569;0.033000
0.000140;0.000647;0.770869;0.000521;0.000212;0.000265;0.184351;0.022336;0.000831;0.001131;0.004485;0.000204;0.000311;0.001531;0.012165
0.000393;0.000874;0.783121;0.000608;0.000717;0.000730;0.105535;0.059548;0.001542;0.003940;0.013083;0.000474;0.000677;0.000771;0.027988
0.000394;0.001354;0.635025;0.000794;0.000856;0.000829;0.258709;0.029880;0.001519;0.010108;0.012244;0.000701;0.001136;0.003392;0.043059
0.000173;0.000913;0.696810;0.000391;0.000319;0.000305;0.040055;0.227680;0.000756;0.001955;0.009625;0.000185;0.000279;0.000495;0.020060
0.000199;0.000744;0.773357;0.000600;0.000372;0.000308;0.170130;0.029854;0.000473;0.000972;0.004300;0.000333;0.000415;0.000911;0.017030
0.000156;0.001220;0.935439;0.000490;0.000271;0.000277;0.021589;0.016106;0.000602;0.001427;0.001769;0.000176;0.000320;0.001902;0.018255
0.000104;0.000299;0.759893;0.000393;0.000189;0.000195;0.203358;0.022530;0.000367;0.001264;0.001872;0.000166;0.000220;0.000387;0.008761
0.000177;0.000385;0.715278;0.000510;0.000312;0.000301;0.233629;0.033879;0.000576;0.001083;0.003027;0.000313;0.000384;0.000609;0.009537
0.000079;0.000632;0.678912;0.000503;0.000141;0.000145;0.290763;0.013189;0.000495;0.000937;0.003505;0.000166;0.000176;0.000680;0.009677
0.000173;0.000777;0.787989;0.000562;0.000303;0.000285;0.156699;0.026173;0.001876;0.002008;0.007594;0.000524;0.000366;0.000584;0.014085
0.000268;0.001912;0.810390;0.000856;0.000449;0.000374;0.127237;0.029687;0.002703;0.001633;0.007396;0.000769;0.000584;0.001274;0.014466
0.000420;0.002801;0.774160;0.000662;0.000641;0.000660;0.127314;0.050127;0.004410;0.003117;0.018588;0.000719;0.000727;0.001763;0.013891
0.004998;0.025531;0.134557;0.004024;0.026018;0.003771;0.043834;0.109477;0.142683;0.116408;0.026070;0.020331;0.084783;0.102476;0.155039
0.003255;0.025568;0.266526;0.002957;0.008789;0.002548;0.037289;0.097906;0.135511;0.052313;0.045382;0.009682;0.018961;0.053923;0.239390
0.001737;0.018748;0.406019;0.002101;0.005173;0.001766;0.101980;0.049759;0.150805;0.016660;0.080093;0.030598;0.012316;0.023686;0.098558
0.002840;0.035597;0.161283;0.002467;0.008905;0.001894;0.022244;0.214967;0.312372;0.014449;0.067412;0.031683;0.018282;0.015636;0.089969
0.005975;0.058375;0.125141;0.005991;0.030372;0.003055;0.039697;0.051608;0.094452;0.070930;0.009827;0.043087;0.101178;0.095535;0.264777
0.003222;0.034770;0.440353;0.002500;0.007487;0.002214;0.052038;0.078398;0.104199;0.018854;0.083542;0.020687;0.015192;0.041959;0.094585
0.002247;0.035890;0.321674;0.002736;0.003121;0.001900;0.042181;0.116124;0.193149;0.014322;0.090581;0.006500;0.006721;0.057372;0.105482
0.000973;0.034060;0.602118;0.002204;0.001748;0.001124;0.125071;0.053052;0.087947;0.005792;0.022118;0.008180;0.003422;0.015949;0.036243
0.000947;0.007836;0.503890;0.001520;0.001556;0.001160;0.099458;0.164455;0.062342;0.004361;0.087912;0.009515;0.003317;0.005879;0.045854
0.002370;0.029093;0.307503;0.002496;0.004048;0.002535;0.132416;0.051500;0.245381;0.008943;0.102486;0.059062;0.009307;0.014767;0.028093
0.002394;0.023295;0.318543;0.002621;0.006765;0.002184;0.220249;0.027168;0.151963;0.018427;0.063065;0.073539;0.022162;0.021913;0.045714
0.003250;0.048501;0.292669;0.003695;0.007521;0.002581;0.064643;0.029573;0.190553;0.037610;0.031437;0.027847;0.023680;0.099525;0.136915
0.002051;0.012427;0.560704;0.002022;0.002407;0.001963;0.027582;0.136862;0.058090;0.013202;0.067833;0.002351;0.004402;0.044699;0.063405
0.002875;0.037364;0.370958;0.002809;0.007619;0.002548;0.073296;0.056025;0.221426;0.036459;0.040228;0.031812;0.015726;0.037064;0.063791
0.001468;0.039438;0.463849;0.002780;0.002791;0.001523;0.136491;0.051639;0.165624;0.011083;0.026611;0.035372;0.006676;0.016926;0.037728
0.001271;0.030219;0.539601;0.002101;0.002816;0.001383;0.176487;0.043055;0.071407;0.009498;0.041974;0.034414;0.005324;0.007863;0.032585
0.001306;0.058653;0.674374;0.001988;0.001660;0.001230;0.013928;0.065524;0.090829;0.005728;0.022784;0.002079;0.002232;0.037350;0.020335
0.002936;0.041927;0.403993;0.003327;0.008098;0.002718;0.086996;0.045162;0.133702;0.032735;0.038334;0.020951;0.018819;0.059360;0.100942
0.000230;0.000581;0.869728;0.000722;0.000467;0.000443;0.042560;0.020278;0.000569;0.002529;0.003788;0.000308;0.000559;0.001774;0.055464
0.000259;0.000560;0.905030;0.000709;0.000500;0.000713;0.025249;0.015220;0.000628;0.006165;0.004204;0.000293;0.000709;0.003403;0.036359
0.000157;0.000581;0.910888;0.000692;0.000440;0.000433;0.017289;0.007640;0.000297;0.002238;0.001286;0.000165;0.000427;0.004815;0.052655
0.000987;0.002315;0.671118;0.001497;0.002028;0.002166;0.037132;0.050518;0.003255;0.012260;0.007371;0.000997;0.002948;0.035855;0.169553
0.000365;0.001472;0.789058;0.000697;0.000866;0.000902;0.017011;0.125302;0.002837;0.003909;0.009671;0.000378;0.000860;0.008413;0.038259
0.001528;0.004312;0.514349;0.004063;0.004332;0.002514;0.058695;0.012515;0.001474;0.035324;0.002250;0.001597;0.006276;0.030910;0.319862
0.000472;0.000179;0.608591;0.000629;0.004468;0.010764;0.331464;0.002716;0.000203;0.010222;0.000550;0.000265;0.006522;0.000325;0.022629
0.000181;0.000085;0.121738;0.000377;0.009614;0.007072;0.838451;0.000624;0.000101;0.003565;0.000289;0.000367;0.009199;0.000102;0.008234
0.000909;0.000255;0.318787;0.000600;0.016509;0.021238;0.584169;0.004935;0.000323;0.012455;0.000785;0.000609;0.017931;0.000328;0.020166
0.000462;0.000193;0.343138;0.000595;0.006467;0.006267;0.592978;0.001584;0.000241;0.008765;0.001009;0.000461;0.015670;0.000274;0.021895
0.001917;0.000300;0.075786;0.000620;0.056071;0.040905;0.722637;0.001125;0.000363;0.019309;0.000679;0.001440;0.066139;0.000372;0.012337
0.001235;0.000323;0.360927;0.000734;0.010465;0.015576;0.535343;0.017136;0.000404;0.012849;0.002063;0.000680;0.012335;0.000441;0.029490
0.000121;0.000061;0.307325;0.000311;0.003536;0.007532;0.659193;0.002442;0.000072;0.006623;0.000311;0.000163;0.002981;0.000072;0.009256
0.000351;0.000080;0.106106;0.000308;0.010410;0.015869;0.844818;0.001207;0.000097;0.007310;0.000232;0.000200;0.005707;0.000096;0.007210
0.000187;0.000052;0.084565;0.000228;0.005585;0.011568;0.881873;0.001025;0.000063;0.004391;0.000252;0.000235;0.004667;0.000058;0.005250
0.000100;0.000103;0.852641;0.000428;0.000238;0.001085;0.110596;0.014344;0.000082;0.003151;0.001093;0.000092;0.000381;0.000297;0.015368
0.000579;0.000123;0.058899;0.000368;0.033009;0.011643;0.862168;0.000830;0.000147;0.005836;0.000312;0.000433;0.020328;0.000139;0.005186
0.000392;0.000136;0.210001;0.000454;0.008148;0.008690;0.736360;0.003201;0.000160;0.004696;0.000539;0.000323;0.008844;0.000169;0.017886
0.016238;0.000240;0.000145;0.961141;0.000177;0.008497;0.000250;0.000986;0.002318;0.005878;0.000230;0.000133;0.000331;0.003139;0.000299
0.004314;0.000575;0.000333;0.970969;0.000371;0.004294;0.000508;0.002393;0.002397;0.005326;0.000283;0.000291;0.000558;0.006753;0.000636
0.003757;0.000178;0.000012;0.990550;0.000016;0.001098;0.000048;0.000532;0.001185;0.001203;0.000012;0.000050;0.000041;0.001136;0.000182
0.006237;0.000126;0.000023;0.984315;0.000039;0.002517;0.000054;0.000654;0.001677;0.002221;0.000022;0.000025;0.000127;0.001538;0.000427
0.006400;0.000094;0.000020;0.988339;0.000026;0.000949;0.000033;0.000133;0.000857;0.001145;0.000019;0.000035;0.000072;0.001793;0.000086
0.004988;0.000396;0.000006;0.989879;0.000008;0.000129;0.000009;0.000101;0.000885;0.000542;0.000005;0.000027;0.000020;0.001513;0.001492
0.000555;0.003099;0.000045;0.890439;0.000045;0.000224;0.000042;0.000686;0.001425;0.000910;0.000033;0.000042;0.000055;0.023202;0.079198
0.000434;0.001830;0.000017;0.974524;0.000022;0.000078;0.000017;0.000390;0.002005;0.000407;0.000012;0.000012;0.000020;0.005463;0.014767
