0.082871;0.041033;0.055303;0.040829;0.083916;0.040675;0.048303;0.061013;0.075056;0.084126;0.062379;0.094148;0.093663;0.067702;0.068982
0.069574;0.136280;0.020898;0.152219;0.034247;0.013727;0.017484;0.048121;0.080271;0.041699;0.033417;0.059515;0.053991;0.103927;0.134631
0.053917;0.203322;0.006682;0.248363;0.013865;0.003520;0.005090;0.029415;0.063036;0.019200;0.014631;0.035465;0.026841;0.104841;0.171813
0.082856;0.031072;0.066183;0.027865;0.086981;0.050551;0.057683;0.063847;0.069045;0.088163;0.071126;0.098530;0.092315;0.058869;0.054913
0.084911;0.028996;0.068406;0.026337;0.091150;0.053257;0.059198;0.063319;0.066636;0.088815;0.069407;0.096817;0.094352;0.056407;0.051991
0.076866;0.089259;0.031826;0.101842;0.053537;0.021400;0.027070;0.052677;0.082450;0.060010;0.043905;0.074660;0.074697;0.095440;0.114361
0.101154;0.002227;0.139142;0.001172;0.129136;0.112435;0.099846;0.059026;0.022324;0.083890;0.079038;0.075678;0.073709;0.012828;0.008395
0.092481;0.003300;0.117831;0.001611;0.103129;0.108083;0.096595;0.066871;0.028771;0.084246;0.104727;0.093189;0.071101;0.016966;0.011101
0.080721;0.006562;0.077221;0.002649;0.064203;0.087827;0.070637;0.087510;0.045881;0.081946;0.163702;0.119527;0.067656;0.026054;0.017905
0.103296;0.002052;0.142645;0.001111;0.138261;0.111680;0.098954;0.056673;0.021256;0.084406;0.072161;0.071898;0.075497;0.012135;0.007973
0.103063;0.002279;0.140203;0.001268;0.137919;0.109195;0.098579;0.056830;0.022318;0.085351;0.071801;0.073076;0.076607;0.012931;0.008580
0.104656;0.002494;0.141035;0.001482;0.146563;0.106181;0.096439;0.055588;0.022657;0.086257;0.065060;0.069525;0.079637;0.013339;0.009087
0.097878;0.001633;0.147686;0.000830;0.132115;0.113801;0.107072;0.054955;0.019291;0.084390;0.078271;0.073714;0.070628;0.010817;0.006920
0.093143;0.002289;0.137280;0.001180;0.119461;0.108963;0.106904;0.058394;0.022851;0.086067;0.088594;0.081992;0.070860;0.013301;0.008721
0.096267;0.002428;0.137453;0.001312;0.125017;0.107902;0.104787;0.058101;0.023230;0.086466;0.081731;0.079542;0.073136;0.013578;0.009050
0.097817;0.002156;0.142901;0.001187;0.132486;0.108645;0.105103;0.055999;0.021559;0.086635;0.075776;0.075241;0.073625;0.012502;0.008368
0.098260;0.002083;0.144305;0.001134;0.133108;0.109894;0.105032;0.055973;0.021110;0.085924;0.075504;0.073991;0.073296;0.012236;0.008149
0.075967;0.006867;0.079546;0.002935;0.063571;0.087456;0.074840;0.085434;0.045530;0.083377;0.163635;0.118898;0.066665;0.026755;0.018524
0.054822;0.193299;0.007320;0.232320;0.015327;0.003899;0.005679;0.031154;0.067126;0.021134;0.016392;0.038732;0.028855;0.108902;0.175039
0.061696;0.162490;0.011903;0.180966;0.022633;0.006632;0.009596;0.038260;0.078260;0.030650;0.025004;0.052122;0.039427;0.113691;0.166671
0.059591;0.173774;0.010211;0.193282;0.019905;0.005582;0.008110;0.036257;0.076097;0.027319;0.022224;0.048153;0.035753;0.113876;0.169865
0.050068;0.208920;0.005311;0.259639;0.011814;0.002669;0.003990;0.026603;0.060988;0.016770;0.012658;0.032712;0.023573;0.105606;0.178680
0.053346;0.200747;0.006783;0.250231;0.014170;0.003613;0.005203;0.030013;0.063433;0.019306;0.014777;0.035358;0.026607;0.105089;0.171324
0.061207;0.160702;0.011569;0.177784;0.022400;0.006313;0.009306;0.037748;0.078845;0.030727;0.025089;0.052797;0.039159;0.115325;0.171029
0.058346;0.187856;0.008457;0.191045;0.016275;0.004497;0.006589;0.036157;0.079340;0.023762;0.021353;0.046228;0.031167;0.117179;0.171749
0.055251;0.204079;0.006509;0.204537;0.013033;0.003357;0.005004;0.033339;0.076833;0.019767;0.018016;0.040666;0.026249;0.116925;0.176437
0.056865;0.203657;0.006798;0.192320;0.013254;0.003579;0.005225;0.035853;0.081368;0.020394;0.019534;0.042075;0.026764;0.119013;0.173301
0.063531;0.177566;0.010182;0.150646;0.017619;0.005786;0.008090;0.045460;0.094287;0.027165;0.029200;0.054163;0.034048;0.122209;0.160048
0.050815;0.214078;0.005411;0.241118;0.011526;0.002720;0.004068;0.028620;0.066069;0.016945;0.013809;0.033923;0.023164;0.110027;0.177709
0.062210;0.169659;0.011081;0.166234;0.020170;0.006231;0.008856;0.040952;0.085879;0.028922;0.026853;0.053728;0.037253;0.118395;0.163577
0.048364;0.211047;0.004689;0.271119;0.010889;0.002297;0.003483;0.024407;0.058011;0.015548;0.011353;0.030997;0.022282;0.103684;0.181830
0.050300;0.201882;0.005292;0.262130;0.012327;0.002651;0.003991;0.025447;0.060000;0.017263;0.012467;0.033441;0.024672;0.105281;0.182856
0.055579;0.187812;0.007626;0.226656;0.016107;0.003978;0.005885;0.030535;0.067741;0.022255;0.016938;0.040874;0.030427;0.109841;0.177746
0.054882;0.203731;0.007094;0.223556;0.014320;0.003807;0.005417;0.033919;0.071011;0.020153;0.016583;0.037451;0.027288;0.111710;0.169078
0.057294;0.183025;0.008487;0.209579;0.017324;0.004502;0.006630;0.033177;0.072154;0.024085;0.019198;0.044026;0.032289;0.112712;0.175517
0.063585;0.146560;0.013274;0.181393;0.026844;0.007153;0.010535;0.036648;0.074602;0.034613;0.025126;0.054425;0.044014;0.110278;0.170950
0.101223;0.002038;0.146490;0.001123;0.139526;0.110630;0.102394;0.055326;0.020667;0.084964;0.070611;0.070422;0.074678;0.011954;0.007953
0.103434;0.001784;0.152707;0.001025;0.153609;0.109598;0.100350;0.052213;0.018980;0.085161;0.061820;0.064710;0.076522;0.010835;0.007250
0.078718;0.009629;0.071119;0.004202;0.060597;0.078211;0.065382;0.089576;0.054789;0.082681;0.159803;0.120934;0.069071;0.032451;0.022837
0.080845;0.006455;0.082000;0.002832;0.070095;0.089472;0.075668;0.082323;0.044931;0.084024;0.150008;0.117724;0.070072;0.025989;0.017560
0.098318;0.001928;0.143196;0.000993;0.129018;0.112373;0.104998;0.056730;0.020909;0.084559;0.080046;0.075659;0.071658;0.011942;0.007674
0.065897;0.174287;0.011447;0.134763;0.018468;0.006802;0.009079;0.052910;0.100522;0.028577;0.033097;0.055707;0.034753;0.123457;0.150233
0.086185;0.015408;0.082733;0.010778;0.088051;0.071850;0.075042;0.068400;0.056666;0.090292;0.091166;0.104568;0.086656;0.041111;0.031094
0.086565;0.013036;0.088129;0.008733;0.090397;0.077115;0.079072;0.069166;0.052474;0.089642;0.093820;0.102810;0.084306;0.037116;0.027619
0.059575;0.191682;0.009828;0.198897;0.017569;0.005487;0.007605;0.039228;0.076290;0.024402;0.021516;0.043421;0.031399;0.111771;0.161329
0.084609;0.014547;0.081654;0.009168;0.080716;0.075879;0.074528;0.074819;0.056475;0.087064;0.104750;0.106240;0.080999;0.039197;0.029354
0.085964;0.007677;0.096981;0.004390;0.090533;0.089269;0.087552;0.069923;0.042859;0.087973;0.107738;0.104048;0.077866;0.027834;0.019392
0.084038;0.012077;0.083924;0.007307;0.081449;0.078788;0.077009;0.074040;0.053263;0.087784;0.109325;0.108523;0.080214;0.035996;0.026264
0.086923;0.012927;0.087317;0.008681;0.090310;0.076747;0.078649;0.068845;0.052878;0.089841;0.093637;0.103673;0.084962;0.037123;0.027487
0.086499;0.016740;0.080423;0.011952;0.087304;0.069786;0.072835;0.068362;0.058597;0.090054;0.089293;0.104426;0.087858;0.042983;0.032889
0.086978;0.009373;0.093892;0.005806;0.092621;0.083772;0.084386;0.068333;0.046717;0.089526;0.099637;0.103619;0.081940;0.031211;0.022190
0.094758;0.003168;0.126150;0.001705;0.117061;0.104299;0.100280;0.060484;0.027555;0.087202;0.088548;0.086938;0.074715;0.016369;0.010767
0.098397;0.002450;0.136944;0.001335;0.128634;0.106798;0.102702;0.057298;0.023554;0.086585;0.078954;0.078719;0.074719;0.013844;0.009066
0.084806;0.012309;0.088914;0.007722;0.085597;0.081574;0.080676;0.072907;0.051031;0.087157;0.102790;0.102906;0.079982;0.035435;0.026195
0.077173;0.063217;0.042246;0.049128;0.051031;0.032633;0.038114;0.074410;0.095282;0.067180;0.077253;0.096789;0.070120;0.083611;0.081815
0.089918;0.005439;0.108665;0.003061;0.102461;0.094948;0.093769;0.065414;0.036155;0.088878;0.098564;0.097586;0.076957;0.022745;0.015441
0.085697;0.011826;0.088779;0.007542;0.088284;0.079312;0.080385;0.070530;0.051042;0.088878;0.099764;0.104485;0.082211;0.035317;0.025948
0.075587;0.080565;0.035474;0.066408;0.046100;0.025788;0.031278;0.068068;0.097353;0.060683;0.065454;0.090030;0.066173;0.093217;0.097820
0.081935;0.026453;0.067387;0.019598;0.075023;0.057294;0.061772;0.070510;0.070855;0.086492;0.090045;0.106890;0.085622;0.054485;0.045639
0.088077;0.007571;0.099455;0.004493;0.096157;0.088801;0.088396;0.067588;0.042338;0.089117;0.100052;0.101553;0.079622;0.027568;0.019212
0.083700;0.004613;0.096436;0.002081;0.081848;0.099684;0.086767;0.074870;0.036578;0.084402;0.134340;0.109087;0.070283;0.021334;0.013978
0.101127;0.001827;0.147380;0.000968;0.138121;0.113023;0.102805;0.055329;0.019937;0.084139;0.072779;0.070610;0.073256;0.011338;0.007361
0.100994;0.001624;0.152219;0.000839;0.138288;0.116753;0.103841;0.055250;0.018566;0.082662;0.072405;0.067934;0.071444;0.010431;0.006750
0.095640;0.002456;0.134581;0.001238;0.117564;0.112047;0.102748;0.060998;0.023726;0.084032;0.089937;0.081559;0.070692;0.013821;0.008963
0.103692;0.002051;0.148226;0.001174;0.148155;0.109954;0.099159;0.054280;0.020382;0.085000;0.064643;0.066644;0.076917;0.011806;0.007916
0.070806;0.144062;0.015644;0.111602;0.024165;0.009864;0.012931;0.057906;0.104036;0.036328;0.042771;0.067939;0.042818;0.119604;0.139524
0.073464;0.126376;0.016993;0.085779;0.025007;0.011309;0.014471;0.066564;0.113088;0.040135;0.053962;0.077604;0.043803;0.119634;0.131809
0.077849;0.014429;0.067761;0.006993;0.058976;0.070372;0.062587;0.090311;0.062150;0.082365;0.149313;0.117818;0.069363;0.039699;0.030015
0.078527;0.013689;0.067487;0.006586;0.059647;0.070009;0.062428;0.089027;0.061915;0.082922;0.149311;0.119985;0.070241;0.038989;0.029236
0.057090;0.191346;0.008138;0.210331;0.016242;0.004406;0.006348;0.034534;0.073242;0.022730;0.018794;0.041763;0.030569;0.112784;0.171684
0.067058;0.164153;0.012917;0.130564;0.020822;0.007733;0.010365;0.052922;0.099522;0.031416;0.035208;0.059091;0.038038;0.121547;0.148643
0.078413;0.008822;0.070754;0.003642;0.058742;0.078588;0.064400;0.091245;0.052987;0.081928;0.169027;0.121677;0.066886;0.031016;0.021873
0.084170;0.015495;0.072510;0.009278;0.073603;0.070050;0.066850;0.077264;0.062826;0.086848;0.112702;0.114128;0.081486;0.041660;0.031132
0.085061;0.009940;0.084627;0.005561;0.081782;0.083165;0.076370;0.075514;0.050407;0.087213;0.115444;0.109932;0.079219;0.032610;0.023157
0.085607;0.018144;0.073813;0.012047;0.079059;0.068457;0.067015;0.073292;0.063465;0.087659;0.098682;0.108069;0.085389;0.044901;0.034403
0.079178;0.008090;0.073597;0.003441;0.062643;0.082230;0.067274;0.088249;0.051310;0.083035;0.160821;0.120948;0.069122;0.029631;0.020430
0.083872;0.018132;0.068704;0.011276;0.071669;0.065212;0.063883;0.076620;0.067288;0.086338;0.109272;0.114834;0.082694;0.045480;0.034727
0.085701;0.021587;0.072820;0.015661;0.081608;0.064725;0.065768;0.070454;0.065191;0.087803;0.088815;0.104298;0.088202;0.048733;0.038636
0.087139;0.009601;0.091514;0.005743;0.089303;0.085936;0.081779;0.071765;0.047447;0.087641;0.104171;0.103744;0.080465;0.031429;0.022322
0.093452;0.003560;0.120437;0.001895;0.112085;0.104625;0.097804;0.062675;0.029592;0.087053;0.093381;0.089638;0.074685;0.017541;0.011578
0.087531;0.008585;0.095309;0.005044;0.091328;0.089498;0.084446;0.071295;0.044658;0.087243;0.104024;0.101784;0.079229;0.029312;0.020714
0.091062;0.004584;0.109930;0.002440;0.102399;0.100602;0.093646;0.066358;0.034006;0.087140;0.101630;0.096435;0.075330;0.020660;0.013779
0.088945;0.007524;0.097453;0.004367;0.094606;0.090408;0.086140;0.069288;0.042797;0.087956;0.102406;0.101885;0.079732;0.027457;0.019034
0.087897;0.015238;0.077440;0.010266;0.085780;0.070698;0.069999;0.069840;0.059206;0.090157;0.094383;0.108068;0.088324;0.041608;0.031096
0.104569;0.001204;0.164590;0.000694;0.172111;0.110673;0.097710;0.047668;0.015387;0.083932;0.052404;0.057408;0.077584;0.008425;0.005638
0.104917;0.001155;0.163769;0.000661;0.172732;0.109929;0.097738;0.047072;0.015378;0.084372;0.052610;0.058136;0.077680;0.008355;0.005495
0.105156;0.001613;0.155986;0.000940;0.162184;0.109395;0.097594;0.050700;0.017913;0.084893;0.056947;0.061521;0.078269;0.010108;0.006780
0.104474;0.001070;0.166035;0.000580;0.165948;0.115576;0.100456;0.048338;0.014740;0.082156;0.055777;0.057822;0.074010;0.007891;0.005126
0.103358;0.001593;0.152673;0.000850;0.145955;0.115068;0.101432;0.053794;0.018338;0.083173;0.067044;0.066130;0.073660;0.010250;0.006682
0.104048;0.001321;0.160064;0.000708;0.155385;0.116603;0.101419;0.051437;0.016380;0.082212;0.061168;0.060974;0.073450;0.008981;0.005852
0.099614;0.003430;0.129483;0.001950;0.123683;0.105129;0.097450;0.061566;0.027147;0.086016;0.080238;0.080155;0.076464;0.016487;0.011188
0.091281;0.005926;0.109882;0.003395;0.102520;0.096363;0.093050;0.067702;0.036227;0.087178;0.096546;0.094389;0.076105;0.023254;0.016181
0.096821;0.004183;0.121416;0.002443;0.118595;0.098402;0.096108;0.062126;0.030834;0.088192;0.083231;0.087312;0.078357;0.018993;0.012989
0.098359;0.003821;0.126134;0.002195;0.121581;0.102775;0.097107;0.062169;0.028797;0.086686;0.081433;0.082281;0.076988;0.017630;0.012045
0.081879;0.031862;0.054489;0.022700;0.063520;0.045268;0.050106;0.075650;0.081996;0.081533;0.097572;0.115484;0.078823;0.062603;0.056515
0.079280;0.044502;0.046336;0.033832;0.055905;0.035833;0.042172;0.074195;0.090469;0.075547;0.088957;0.112428;0.074430;0.074500;0.071614
0.076596;0.090609;0.029502;0.076458;0.041369;0.020894;0.025780;0.065948;0.099754;0.055580;0.059318;0.086155;0.061223;0.100863;0.109950
0.087141;0.009543;0.099102;0.005686;0.091107;0.091706;0.087235;0.073310;0.043654;0.085263;0.102139;0.096228;0.076333;0.029744;0.021810
0.079973;0.018255;0.065670;0.010155;0.061721;0.065255;0.061591;0.085951;0.067171;0.082703;0.130694;0.117844;0.073243;0.044609;0.035165
0.099881;0.003623;0.127413;0.002103;0.125173;0.103101;0.096630;0.061234;0.028047;0.086831;0.078702;0.080614;0.077907;0.017089;0.011652
0.088836;0.009566;0.095619;0.006224;0.096921;0.081795;0.085741;0.067173;0.046092;0.090616;0.092726;0.102417;0.082464;0.031224;0.022586
0.086693;0.010941;0.091406;0.007117;0.091433;0.079765;0.083715;0.069021;0.049044;0.089751;0.096547;0.104482;0.081823;0.033682;0.024579
0.056425;0.184187;0.007469;0.236084;0.016456;0.004079;0.005885;0.029497;0.066017;0.022304;0.016177;0.040181;0.032088;0.106847;0.176303
0.060965;0.167312;0.010228;0.209896;0.021196;0.005754;0.008166;0.033709;0.070819;0.027866;0.020355;0.046747;0.038583;0.108084;0.170319
0.057372;0.181975;0.008150;0.226658;0.017417;0.004508;0.006454;0.031313;0.068125;0.023528;0.017474;0.041753;0.033064;0.108304;0.173907
0.056312;0.186100;0.007598;0.235720;0.016456;0.004168;0.005980;0.030148;0.066126;0.022261;0.016355;0.039995;0.031712;0.106921;0.174148
0.055943;0.188946;0.007381;0.236292;0.016022;0.004053;0.005800;0.030176;0.066164;0.021739;0.016095;0.039502;0.031163;0.107356;0.173367
0.056246;0.186356;0.007474;0.235962;0.016312;0.004091;0.005879;0.029821;0.066025;0.022123;0.016176;0.039982;0.031706;0.107185;0.174662
0.056043;0.186763;0.007313;0.239081;0.016076;0.004002;0.005757;0.029506;0.065472;0.021767;0.015864;0.039374;0.031412;0.106463;0.175106
0.054081;0.191400;0.006468;0.248477;0.014676;0.003434;0.005026;0.027508;0.063215;0.020095;0.014459;0.037499;0.029277;0.106032;0.178354
0.057536;0.184975;0.008331;0.226302;0.017415;0.004661;0.006584;0.032237;0.068333;0.023406;0.017647;0.041550;0.032932;0.108094;0.169995
0.057069;0.185503;0.008016;0.230598;0.017023;0.004453;0.006335;0.031247;0.067291;0.022920;0.017043;0.040899;0.032537;0.107617;0.171449
0.055169;0.193547;0.007154;0.241128;0.015393;0.003885;0.005567;0.029844;0.065009;0.020928;0.015549;0.038359;0.029887;0.106675;0.171907
0.054543;0.199786;0.006961;0.230967;0.014463;0.003706;0.005343;0.031069;0.068183;0.020263;0.016076;0.038463;0.028084;0.109605;0.172487
0.056061;0.197101;0.007735;0.216292;0.015343;0.004161;0.005951;0.033745;0.072085;0.021624;0.017942;0.040787;0.029394;0.111928;0.169851
0.058199;0.185306;0.008987;0.208744;0.017867;0.005004;0.007067;0.034561;0.072730;0.024480;0.019535;0.044107;0.033495;0.111882;0.168036
0.056657;0.187794;0.008016;0.221346;0.016701;0.004353;0.006264;0.031830;0.069356;0.022937;0.017641;0.041919;0.031820;0.110302;0.173065
0.059562;0.180370;0.009933;0.196792;0.019107;0.005578;0.007859;0.036596;0.075741;0.026188;0.021500;0.046599;0.035215;0.113122;0.165837
0.052668;0.208557;0.006129;0.236108;0.012785;0.003180;0.004653;0.030147;0.067296;0.018380;0.014891;0.035848;0.025330;0.109855;0.174172
0.055372;0.196378;0.007432;0.229343;0.015295;0.003991;0.005718;0.031635;0.067931;0.021183;0.016532;0.039290;0.029257;0.109220;0.171422
0.065313;0.155284;0.015530;0.160128;0.026163;0.009491;0.012756;0.044690;0.083185;0.034730;0.030176;0.056232;0.044757;0.111700;0.149865
0.065038;0.157153;0.014990;0.158366;0.025217;0.009095;0.012250;0.045056;0.084798;0.033915;0.030345;0.056519;0.043729;0.113042;0.150485
0.058299;0.189992;0.009014;0.213721;0.017463;0.005078;0.007043;0.035398;0.071707;0.023805;0.019221;0.042437;0.032469;0.110007;0.164346
0.059409;0.185860;0.009713;0.203836;0.018440;0.005509;0.007635;0.036592;0.074058;0.025150;0.020673;0.044764;0.034136;0.111208;0.163015
0.057284;0.192284;0.008419;0.222829;0.016723;0.004677;0.006550;0.033661;0.069297;0.022811;0.017946;0.040850;0.031294;0.108642;0.166735
0.060405;0.182845;0.010352;0.194424;0.019096;0.005885;0.008162;0.038064;0.076687;0.026245;0.022221;0.046663;0.035096;0.112259;0.161596
0.053649;0.208349;0.006526;0.238960;0.013456;0.003492;0.004976;0.031080;0.066219;0.018960;0.014956;0.035465;0.026117;0.108352;0.169443
0.065632;0.157253;0.015362;0.154489;0.025360;0.009383;0.012512;0.046173;0.086381;0.034175;0.031323;0.057520;0.044026;0.113026;0.147387
0.062000;0.184642;0.010423;0.173980;0.018288;0.006007;0.008214;0.042529;0.085154;0.026292;0.025188;0.048962;0.034038;0.116746;0.157537
0.060597;0.190374;0.009602;0.185721;0.017282;0.005471;0.007530;0.040391;0.081440;0.024742;0.022859;0.045858;0.032386;0.115351;0.160397
0.064935;0.171285;0.012435;0.147571;0.020361;0.007478;0.009979;0.048605;0.093834;0.029924;0.031361;0.055744;0.037623;0.119128;0.149738
0.062311;0.180300;0.011473;0.175900;0.019821;0.006700;0.009080;0.042863;0.083148;0.027687;0.025557;0.049450;0.036043;0.114792;0.154876
0.059197;0.190164;0.009563;0.202761;0.017705;0.005413;0.007471;0.037676;0.075011;0.024449;0.020795;0.043688;0.032663;0.111408;0.162036
0.066106;0.156887;0.015237;0.141397;0.024377;0.009400;0.012416;0.049489;0.092412;0.034237;0.034251;0.059980;0.043235;0.116468;0.144106
0.066397;0.156356;0.015124;0.138094;0.024156;0.009416;0.012368;0.050619;0.094189;0.034216;0.034998;0.060508;0.042927;0.117134;0.143496
0.049954;0.221733;0.004914;0.258940;0.010879;0.002541;0.003708;0.027908;0.062114;0.015529;0.012071;0.030307;0.021901;0.105978;0.171522
0.058093;0.190320;0.008907;0.213153;0.017300;0.004969;0.006942;0.034964;0.071834;0.023706;0.019140;0.042632;0.032315;0.110312;0.165412
0.064563;0.161611;0.014208;0.162019;0.024111;0.008523;0.011526;0.044164;0.084445;0.032643;0.029250;0.055379;0.042375;0.113636;0.151547
0.060908;0.182995;0.010216;0.187501;0.018780;0.005849;0.008071;0.039639;0.080097;0.026077;0.023192;0.047561;0.034573;0.114286;0.160253
0.061992;0.168122;0.011517;0.184781;0.021854;0.006667;0.009309;0.038284;0.078132;0.029526;0.024020;0.050628;0.039557;0.112993;0.162619
0.071306;0.135014;0.014587;0.095372;0.023107;0.009498;0.012259;0.060825;0.113808;0.037072;0.047357;0.074506;0.042734;0.124502;0.138050
0.057052;0.184333;0.007954;0.227056;0.017036;0.004386;0.006272;0.031181;0.067982;0.023065;0.017204;0.041424;0.032583;0.108828;0.173645
0.064340;0.171659;0.011074;0.144948;0.019066;0.006600;0.008846;0.047673;0.096600;0.028756;0.030759;0.056548;0.036686;0.123056;0.153390
0.058606;0.186796;0.008805;0.210588;0.017678;0.004933;0.006912;0.034552;0.072839;0.024089;0.019262;0.043645;0.033449;0.111633;0.166212
0.046876;0.224205;0.003997;0.271738;0.009363;0.001948;0.002959;0.024132;0.058594;0.013761;0.010458;0.028481;0.019727;0.104793;0.178967
0.062099;0.193390;0.006925;0.146280;0.013072;0.003939;0.005418;0.044480;0.101308;0.022093;0.026100;0.050459;0.028368;0.130015;0.166054
0.055940;0.208733;0.006220;0.201583;0.012527;0.003273;0.004753;0.034211;0.078847;0.019176;0.017860;0.039933;0.025719;0.117875;0.173349
0.060602;0.197414;0.006883;0.161112;0.013160;0.003831;0.005349;0.041538;0.095088;0.021494;0.023682;0.047489;0.027884;0.126622;0.167853
0.045229;0.225871;0.003564;0.283861;0.008661;0.001698;0.002618;0.022118;0.055404;0.012794;0.009394;0.026854;0.018629;0.102207;0.181097
0.046686;0.224116;0.003932;0.272166;0.009255;0.001906;0.002911;0.023717;0.058396;0.013699;0.010358;0.028470;0.019616;0.104639;0.180133
0.047591;0.216678;0.004322;0.275050;0.010029;0.002096;0.003205;0.023643;0.057150;0.014548;0.010777;0.029557;0.020920;0.102687;0.181747
0.046931;0.217793;0.004110;0.280947;0.009745;0.001988;0.003040;0.023000;0.055873;0.014054;0.010253;0.028735;0.020471;0.101878;0.181181
0.050688;0.208677;0.005369;0.256510;0.011789;0.002680;0.004041;0.026395;0.061490;0.016907;0.012926;0.033234;0.023764;0.105601;0.179930
0.055612;0.195648;0.007438;0.221257;0.014836;0.003847;0.005716;0.031681;0.069947;0.021168;0.017494;0.040420;0.028644;0.110855;0.175438
0.048441;0.213867;0.004532;0.271631;0.010521;0.002228;0.003382;0.024107;0.058081;0.015178;0.011190;0.030563;0.021952;0.103123;0.181205
0.051432;0.204643;0.005594;0.255653;0.012514;0.002829;0.004219;0.026345;0.061436;0.017677;0.013115;0.034575;0.025313;0.105585;0.179067
0.045397;0.224480;0.003610;0.286890;0.008785;0.001723;0.002649;0.022021;0.054607;0.012830;0.009344;0.026721;0.018843;0.101108;0.180991
0.045961;0.222431;0.003807;0.284322;0.009118;0.001838;0.002812;0.022729;0.055487;0.013228;0.009749;0.027316;0.019253;0.101518;0.180430
0.044481;0.234449;0.003175;0.287508;0.007921;0.001502;0.002307;0.022092;0.054576;0.011678;0.008603;0.024607;0.017370;0.101252;0.178479
0.059085;0.207395;0.005701;0.163101;0.011370;0.003063;0.004325;0.039708;0.094713;0.019210;0.021456;0.044638;0.025383;0.128605;0.172247
0.063802;0.185821;0.007832;0.138934;0.014185;0.004468;0.006176;0.046413;0.103061;0.023928;0.028783;0.053717;0.030344;0.129453;0.163083
0.059112;0.204698;0.006102;0.170348;0.012149;0.003330;0.004687;0.039005;0.091942;0.019813;0.021209;0.044499;0.026176;0.126079;0.170851
0.067024;0.144477;0.015366;0.132862;0.025807;0.009389;0.012690;0.048968;0.094680;0.036574;0.036111;0.064594;0.045371;0.117864;0.148224
0.078881;0.040731;0.034549;0.021979;0.040053;0.027281;0.031172;0.088381;0.106811;0.069052;0.119731;0.128982;0.061997;0.078802;0.071598
0.063343;0.174744;0.012254;0.156246;0.020025;0.007187;0.009748;0.047644;0.090029;0.029061;0.029534;0.052978;0.036139;0.118641;0.152426
0.055694;0.200460;0.007597;0.223017;0.015034;0.004131;0.005856;0.033797;0.070692;0.021003;0.017297;0.039000;0.028389;0.110357;0.167676
0.061907;0.167091;0.011784;0.184231;0.022142;0.006773;0.009529;0.038722;0.077939;0.029825;0.024361;0.050565;0.039204;0.112705;0.163222
0.066856;0.139621;0.015867;0.134274;0.027082;0.009420;0.013163;0.047249;0.092386;0.037999;0.035905;0.065446;0.046674;0.116370;0.151689
0.062572;0.167228;0.012352;0.184079;0.022729;0.007212;0.009969;0.039412;0.077614;0.030263;0.024723;0.050826;0.040072;0.111681;0.159267
0.079531;0.051083;0.024995;0.023445;0.029228;0.020452;0.022094;0.098649;0.124968;0.058495;0.122807;0.124406;0.050302;0.090057;0.079488
0.077189;0.088138;0.021146;0.051661;0.028849;0.015439;0.018649;0.079529;0.123236;0.049714;0.077977;0.098850;0.050218;0.110112;0.109293
0.075228;0.102870;0.019514;0.063230;0.027383;0.013889;0.017020;0.074752;0.121640;0.045929;0.067857;0.090153;0.048104;0.116122;0.116307
0.068089;0.130074;0.018747;0.136404;0.031793;0.011081;0.015534;0.046053;0.087009;0.042069;0.036253;0.066645;0.051723;0.110212;0.148313
0.069759;0.119768;0.020987;0.122917;0.034733;0.012628;0.017540;0.048703;0.089385;0.045778;0.040243;0.071850;0.055443;0.108469;0.141796
0.057459;0.178891;0.008390;0.221163;0.017899;0.004541;0.006629;0.031336;0.068814;0.024258;0.018048;0.043055;0.033357;0.109518;0.176643
0.052201;0.208567;0.006050;0.252025;0.012933;0.003202;0.004605;0.029576;0.063417;0.017903;0.013767;0.033700;0.025172;0.105901;0.170984
0.049359;0.217698;0.004894;0.267038;0.010978;0.002519;0.003714;0.026804;0.060176;0.015459;0.011782;0.030188;0.022004;0.104065;0.173322
0.054551;0.200014;0.007079;0.239796;0.014709;0.003813;0.005430;0.031272;0.065849;0.020129;0.015515;0.036929;0.027952;0.107161;0.169800
0.060266;0.175793;0.010464;0.202414;0.020247;0.005959;0.008369;0.036140;0.073272;0.027139;0.021400;0.046342;0.036370;0.110303;0.165524
0.050490;0.217284;0.005251;0.254382;0.011450;0.002739;0.003996;0.028546;0.063376;0.016263;0.012801;0.031733;0.022767;0.106874;0.172048
0.062039;0.167562;0.012070;0.187612;0.022476;0.006993;0.009759;0.038870;0.076517;0.029940;0.024193;0.049700;0.039192;0.111266;0.161812
0.057175;0.193359;0.008518;0.218922;0.016615;0.004725;0.006620;0.034725;0.070979;0.022779;0.018406;0.040899;0.030762;0.109789;0.165726
0.052557;0.211086;0.006165;0.245441;0.012887;0.003277;0.004709;0.030417;0.065114;0.018067;0.014230;0.034092;0.024899;0.107511;0.169549
0.064007;0.160862;0.013750;0.171872;0.024457;0.008179;0.011194;0.041922;0.080572;0.032453;0.027286;0.053712;0.042382;0.112270;0.155083
0.080059;0.044417;0.030852;0.022689;0.035318;0.025379;0.027604;0.093835;0.113124;0.064227;0.123443;0.126304;0.056566;0.081903;0.074280
0.078822;0.047140;0.044078;0.033881;0.053551;0.034032;0.039851;0.075317;0.094948;0.074093;0.089559;0.111001;0.072557;0.077819;0.073351
0.072780;0.103759;0.025141;0.093353;0.037939;0.016511;0.021624;0.057488;0.097532;0.051454;0.051230;0.080949;0.059290;0.106410;0.124541
0.069074;0.128904;0.019934;0.132497;0.032779;0.012235;0.016585;0.047741;0.088250;0.042860;0.037465;0.067258;0.053489;0.109073;0.141854
0.074802;0.086567;0.031280;0.079446;0.046296;0.021104;0.027081;0.059152;0.095255;0.059514;0.055830;0.086185;0.068097;0.098630;0.110761
0.074392;0.089031;0.029697;0.078906;0.043482;0.019955;0.025674;0.060678;0.097296;0.057662;0.057072;0.086705;0.064664;0.100992;0.113795
0.074072;0.096384;0.026634;0.081720;0.038795;0.018041;0.023024;0.061293;0.100689;0.053688;0.056421;0.085686;0.060783;0.105056;0.117716
0.051721;0.217477;0.005522;0.237466;0.011673;0.002828;0.004144;0.030251;0.067764;0.017025;0.014024;0.033574;0.023300;0.110631;0.172599
0.059373;0.170923;0.009950;0.200489;0.019997;0.005338;0.007902;0.033895;0.073317;0.027316;0.021191;0.047760;0.036247;0.111884;0.174418
0.052380;0.204967;0.006087;0.250021;0.013123;0.003143;0.004597;0.028108;0.062839;0.018428;0.013895;0.035160;0.025954;0.106101;0.175197
0.054656;0.199912;0.007087;0.228744;0.014496;0.003757;0.005431;0.031532;0.068600;0.020414;0.016387;0.038561;0.027974;0.109879;0.172571
0.053516;0.201385;0.006644;0.240303;0.013968;0.003477;0.005061;0.029774;0.065240;0.019565;0.015087;0.036867;0.027115;0.107827;0.174170
0.048676;0.219337;0.004662;0.259112;0.010452;0.002321;0.003477;0.026166;0.061597;0.015289;0.011866;0.030916;0.021517;0.106909;0.177701
0.050280;0.213100;0.005266;0.256457;0.011557;0.002665;0.003952;0.027174;0.061973;0.016514;0.012703;0.032513;0.023221;0.106274;0.176350
0.094151;0.001951;0.136958;0.000957;0.119796;0.111068;0.105660;0.057442;0.022126;0.085357;0.090416;0.083647;0.070117;0.012527;0.007827
0.080169;0.003734;0.096019;0.001563;0.078210;0.099742;0.086920;0.073711;0.034455;0.084990;0.147013;0.113431;0.068152;0.019512;0.012380
0.087416;0.002747;0.119110;0.001293;0.102397;0.106533;0.101264;0.062184;0.027528;0.086679;0.109616;0.097195;0.070226;0.015893;0.009921
0.087047;0.003100;0.116810;0.001493;0.100977;0.104667;0.100122;0.063045;0.028963;0.087087;0.109766;0.098144;0.071049;0.016985;0.010744
0.081033;0.013712;0.078444;0.007958;0.074585;0.073706;0.071727;0.077204;0.057117;0.087591;0.118898;0.111527;0.078052;0.038898;0.029547
0.092986;0.002205;0.133254;0.001098;0.117683;0.109225;0.104954;0.057774;0.023642;0.086380;0.091956;0.085728;0.071086;0.013524;0.008504
0.085396;0.007391;0.097379;0.004178;0.091957;0.088449;0.086692;0.068293;0.042451;0.089223;0.107989;0.104777;0.078879;0.027728;0.019218
0.093710;0.002390;0.132281;0.001242;0.120474;0.107191;0.104027;0.057095;0.024556;0.087502;0.088239;0.085204;0.072980;0.014125;0.008983
0.090800;0.004149;0.119965;0.002243;0.108973;0.101033;0.098050;0.063064;0.030982;0.087887;0.095369;0.090570;0.074895;0.019167;0.012853
0.094025;0.001963;0.136272;0.000971;0.121225;0.110977;0.105588;0.056557;0.022395;0.086022;0.089250;0.083371;0.070921;0.012606;0.007856
0.092762;0.002286;0.131646;0.001152;0.117748;0.108591;0.104351;0.057459;0.024282;0.086979;0.091780;0.086540;0.071844;0.013855;0.008723
0.090217;0.002598;0.125194;0.001280;0.110761;0.106693;0.102605;0.059385;0.026253;0.087374;0.099366;0.091925;0.071667;0.015167;0.009513
0.085898;0.002536;0.119207;0.001136;0.097690;0.109627;0.101593;0.063956;0.026489;0.085072;0.116890;0.097820;0.067554;0.015097;0.009435
0.089864;0.001976;0.132721;0.000921;0.110450;0.113504;0.106105;0.059212;0.022616;0.084965;0.101274;0.087917;0.067762;0.012777;0.007936
0.095622;0.001604;0.146566;0.000788;0.125941;0.115401;0.108160;0.055638;0.019378;0.084049;0.084122;0.076122;0.068942;0.010837;0.006829
0.096257;0.001097;0.155957;0.000517;0.133617;0.120669;0.110480;0.052158;0.016243;0.082647;0.078596;0.070633;0.067183;0.008658;0.005289
0.097254;0.001201;0.155750;0.000581;0.134351;0.119171;0.109568;0.052688;0.016694;0.082759;0.077236;0.070146;0.067935;0.009051;0.005614
0.097283;0.001407;0.150858;0.000691;0.130953;0.117041;0.108156;0.054195;0.018117;0.083434;0.079771;0.072957;0.068894;0.010001;0.006243
0.101788;0.001149;0.158167;0.000585;0.149621;0.116848;0.105122;0.050617;0.016082;0.082976;0.066459;0.065076;0.071460;0.008624;0.005427
0.102100;0.001197;0.159872;0.000624;0.150418;0.116282;0.104645;0.050458;0.016151;0.083054;0.065052;0.064101;0.071689;0.008770;0.005587
0.102405;0.001233;0.161236;0.000660;0.153166;0.115664;0.104091;0.050246;0.016092;0.083128;0.062783;0.062570;0.072237;0.008792;0.005695
0.102476;0.001482;0.156799;0.000813;0.151384;0.112957;0.102681;0.051470;0.017553;0.084180;0.063515;0.064309;0.074142;0.009795;0.006442
0.100411;0.001301;0.157480;0.000662;0.142466;0.117622;0.106043;0.052488;0.016847;0.082693;0.070213;0.066348;0.070307;0.009239;0.005879
0.102618;0.001268;0.161231;0.000691;0.155507;0.114342;0.103330;0.049972;0.016247;0.083515;0.061380;0.062113;0.073071;0.008911;0.005806
0.098262;0.001269;0.160982;0.000634;0.140925;0.120545;0.108122;0.053231;0.016192;0.081839;0.070643;0.064147;0.068641;0.008860;0.005706
0.092923;0.001794;0.144983;0.000860;0.120520;0.117376;0.108674;0.057829;0.020119;0.083463;0.088671;0.075956;0.068205;0.011368;0.007260
0.091063;0.001943;0.138861;0.000912;0.113999;0.117377;0.107051;0.059931;0.021329;0.083491;0.096068;0.080731;0.067461;0.012092;0.007692
0.097205;0.000868;0.169682;0.000409;0.144112;0.124944;0.111101;0.050266;0.013641;0.080172;0.069085;0.061040;0.065911;0.007129;0.004435
0.096543;0.001046;0.163272;0.000491;0.136211;0.123584;0.110981;0.052509;0.015074;0.080954;0.074948;0.065200;0.066072;0.008073;0.005040
0.087596;0.002474;0.129061;0.001137;0.103321;0.115240;0.104361;0.064009;0.024180;0.083480;0.107838;0.087431;0.066800;0.013980;0.009093
0.091823;0.002287;0.134010;0.001145;0.116221;0.111505;0.105352;0.058646;0.023542;0.085818;0.092826;0.083982;0.070557;0.013608;0.008679
0.098751;0.000943;0.167621;0.000455;0.144922;0.122962;0.109439;0.050661;0.014199;0.080625;0.068498;0.061863;0.066839;0.007511;0.004709
0.098321;0.001096;0.165356;0.000535;0.141450;0.122726;0.109051;0.052273;0.015072;0.080730;0.070155;0.062609;0.067300;0.008144;0.005182
0.095963;0.001293;0.154673;0.000616;0.129341;0.120762;0.109941;0.054733;0.017081;0.082078;0.080687;0.070650;0.066991;0.009338;0.005853
0.077863;0.009812;0.076720;0.004555;0.064802;0.077950;0.068816;0.087716;0.051530;0.084117;0.154729;0.115361;0.068981;0.032598;0.024452
0.087839;0.001997;0.131934;0.000886;0.104875;0.118731;0.105651;0.062341;0.022308;0.082657;0.107925;0.086706;0.065703;0.012533;0.007916
0.089172;0.002825;0.122045;0.001367;0.105370;0.106482;0.101826;0.062306;0.027121;0.086303;0.104559;0.094242;0.070480;0.015834;0.010066
0.096139;0.001951;0.139103;0.000989;0.124852;0.110158;0.105453;0.056440;0.021878;0.085668;0.084638;0.080804;0.071687;0.012404;0.007836
0.083130;0.006361;0.089954;0.003183;0.081302;0.088538;0.082689;0.073386;0.042884;0.087673;0.128086;0.114003;0.075026;0.026192;0.017593
0.085219;0.004924;0.098462;0.002339;0.087009;0.095982;0.087452;0.071547;0.037263;0.086231;0.125094;0.107556;0.073882;0.022301;0.014739
0.100041;0.002436;0.140115;0.001359;0.133335;0.107077;0.101468;0.056858;0.022920;0.086241;0.074655;0.075292;0.075644;0.013528;0.009031
0.097556;0.002681;0.133646;0.001447;0.123393;0.106017;0.101424;0.059218;0.024788;0.086196;0.083023;0.081862;0.074448;0.014650;0.009653
0.079389;0.022152;0.058085;0.012836;0.058419;0.052753;0.054215;0.082503;0.076362;0.083434;0.126188;0.124430;0.074233;0.052251;0.042747
0.082380;0.009220;0.082420;0.004867;0.075347;0.081547;0.076910;0.076894;0.050352;0.086993;0.127670;0.115538;0.076012;0.031541;0.022310
0.087629;0.006767;0.098557;0.003779;0.092554;0.091066;0.088562;0.069089;0.041159;0.087972;0.107276;0.103835;0.077752;0.026082;0.017923
0.092490;0.003979;0.117936;0.002173;0.109759;0.100147;0.097834;0.062843;0.031102;0.088180;0.093967;0.092851;0.075238;0.018896;0.012603
0.094361;0.003047;0.126021;0.001607;0.115062;0.104824;0.100660;0.061152;0.027151;0.086745;0.091045;0.088175;0.073531;0.016097;0.010524
0.094832;0.002722;0.128125;0.001414;0.116697;0.106126;0.101484;0.060266;0.025928;0.086471;0.090400;0.087501;0.073108;0.015141;0.009785
0.080085;0.009127;0.075005;0.004277;0.067266;0.077246;0.068759;0.082017;0.053547;0.086510;0.146036;0.121757;0.073489;0.032140;0.022740
0.082262;0.011337;0.077318;0.006178;0.074433;0.074461;0.070445;0.076517;0.055993;0.088669;0.124419;0.116829;0.078824;0.036031;0.026284
0.081661;0.007528;0.083615;0.003690;0.075803;0.083499;0.076020;0.076242;0.047396;0.087804;0.135013;0.117427;0.075317;0.028947;0.020038
0.082938;0.005926;0.091228;0.002902;0.082183;0.090495;0.082531;0.072913;0.041627;0.087646;0.129220;0.113282;0.074970;0.025295;0.016846
0.081908;0.004623;0.094542;0.002102;0.080929;0.095591;0.085864;0.072867;0.037479;0.086357;0.136798;0.113194;0.071523;0.021988;0.014235
0.078827;0.009798;0.067492;0.004270;0.059592;0.069610;0.061733;0.087414;0.057235;0.084753;0.163742;0.127207;0.069556;0.034013;0.024759
0.077872;0.005911;0.077896;0.002365;0.064031;0.084741;0.070955;0.083837;0.045361;0.084443;0.168637;0.123405;0.067746;0.025561;0.017239
0.077997;0.006661;0.077896;0.002773;0.064531;0.083188;0.071169;0.083792;0.046923;0.084728;0.163810;0.122148;0.068713;0.027091;0.018579
0.079034;0.005662;0.083933;0.002406;0.070040;0.088789;0.076123;0.080277;0.042852;0.085132;0.156094;0.118914;0.069426;0.024699;0.016620
0.077510;0.007084;0.072077;0.002807;0.059647;0.078136;0.065611;0.087369;0.050042;0.083945;0.174399;0.126227;0.067227;0.028345;0.019573
0.077747;0.008452;0.069336;0.003521;0.058982;0.073181;0.063714;0.087388;0.054022;0.084535;0.169801;0.127566;0.068167;0.031368;0.022218
0.078839;0.014157;0.055773;0.006263;0.052332;0.053822;0.050415;0.092884;0.069388;0.081974;0.167000;0.133455;0.066812;0.043439;0.033449
0.081198;0.012028;0.072127;0.006327;0.068928;0.069447;0.065852;0.079894;0.059073;0.087896;0.134025;0.121125;0.076147;0.037681;0.028252
0.081865;0.005447;0.091917;0.002564;0.080733;0.091875;0.082817;0.073519;0.040154;0.087137;0.134788;0.113695;0.073252;0.024171;0.016065
0.080186;0.011455;0.069775;0.005569;0.064310;0.070030;0.064117;0.083671;0.059297;0.086188;0.145051;0.123402;0.073542;0.036500;0.026907
0.079414;0.007365;0.077159;0.003213;0.066671;0.081464;0.070322;0.082509;0.049274;0.085665;0.155178;0.122089;0.071192;0.028704;0.019782
0.087639;0.003688;0.112124;0.001795;0.098187;0.101992;0.096512;0.065729;0.031317;0.086797;0.111493;0.099937;0.072125;0.018648;0.012016
0.077310;0.004954;0.080372;0.001919;0.064841;0.088050;0.073388;0.082258;0.042075;0.084129;0.171821;0.123566;0.066742;0.023253;0.015322
0.076128;0.011731;0.068307;0.005370;0.057795;0.068206;0.062909;0.089744;0.057752;0.084096;0.163256;0.122586;0.067333;0.036753;0.028035
0.096064;0.001248;0.155031;0.000617;0.135571;0.115797;0.110866;0.051816;0.017000;0.084529;0.076526;0.071197;0.068641;0.009280;0.005816
0.094840;0.001311;0.151682;0.000639;0.130442;0.115478;0.111309;0.052816;0.017649;0.084788;0.080975;0.074192;0.068176;0.009677;0.006026
0.079004;0.003180;0.101211;0.001304;0.079586;0.103365;0.091576;0.071759;0.031228;0.084875;0.147194;0.110588;0.066224;0.017710;0.011196
0.078147;0.004288;0.092920;0.001816;0.074868;0.096320;0.084693;0.075517;0.036535;0.085537;0.151540;0.115059;0.067918;0.021102;0.013740
0.075144;0.006532;0.078511;0.002684;0.062119;0.084557;0.072437;0.085327;0.045587;0.084114;0.170792;0.120922;0.066324;0.026626;0.018324
0.074952;0.007635;0.064033;0.002795;0.051235;0.070919;0.058138;0.095135;0.053135;0.080759;0.198204;0.130286;0.061704;0.030095;0.020976
0.075257;0.005890;0.074021;0.002186;0.057137;0.082666;0.067665;0.089254;0.045137;0.081764;0.188871;0.124838;0.062800;0.025295;0.017220
0.075067;0.007834;0.064962;0.002905;0.051599;0.072816;0.059094;0.095568;0.052998;0.080472;0.195501;0.128369;0.061675;0.030135;0.021005
0.079051;0.034132;0.047810;0.020614;0.053090;0.039917;0.043605;0.083410;0.091330;0.077840;0.111983;0.119778;0.071577;0.067212;0.058651
0.071238;0.109815;0.026005;0.100892;0.038044;0.017296;0.022241;0.057979;0.094626;0.050132;0.048981;0.075547;0.058500;0.105761;0.122944
0.080155;0.017176;0.064560;0.009468;0.063860;0.059841;0.059233;0.082019;0.068355;0.085777;0.129617;0.122357;0.075948;0.045624;0.036009
0.077866;0.049157;0.039919;0.031575;0.047664;0.030740;0.035688;0.081189;0.101100;0.070693;0.096611;0.112613;0.067749;0.081549;0.075888
0.073846;0.082694;0.034469;0.068726;0.046407;0.024384;0.029969;0.066641;0.097279;0.060793;0.062955;0.086906;0.065729;0.096899;0.102303
0.079050;0.019505;0.059212;0.010420;0.058121;0.054781;0.054417;0.085928;0.073401;0.083479;0.136410;0.124073;0.072490;0.049254;0.039458
0.080314;0.019642;0.063564;0.011504;0.064586;0.057763;0.058503;0.080427;0.070791;0.085612;0.122155;0.120328;0.076865;0.048691;0.039255
0.077681;0.052492;0.044746;0.041278;0.057623;0.032668;0.039823;0.070026;0.092762;0.074022;0.078277;0.103269;0.075533;0.080687;0.079113
0.076918;0.055762;0.042185;0.042235;0.053748;0.030785;0.037383;0.072416;0.095688;0.071612;0.080030;0.103234;0.071878;0.083530;0.082594
0.082271;0.011940;0.078112;0.006616;0.074741;0.075240;0.071256;0.076737;0.056192;0.087982;0.122039;0.114746;0.078762;0.036544;0.026822
0.083641;0.013051;0.079088;0.007858;0.079410;0.073663;0.072342;0.073034;0.057109;0.089333;0.110082;0.112431;0.082330;0.038422;0.028207
0.080406;0.028453;0.064113;0.020454;0.071377;0.053584;0.058066;0.072613;0.073957;0.085399;0.093548;0.107914;0.083247;0.057396;0.049474
0.083875;0.009868;0.085784;0.005682;0.083119;0.080367;0.078357;0.072029;0.050286;0.089304;0.113228;0.111241;0.080437;0.033026;0.023397
0.079139;0.026957;0.052458;0.015094;0.054244;0.046366;0.048056;0.086753;0.083987;0.080011;0.125547;0.122251;0.071270;0.058860;0.049008
0.080661;0.027330;0.062456;0.019308;0.070016;0.052153;0.057004;0.072278;0.075042;0.085912;0.096374;0.111995;0.083417;0.057073;0.048980
0.054473;0.183485;0.006828;0.246222;0.015572;0.003529;0.005302;0.027222;0.063246;0.021124;0.015060;0.038793;0.029951;0.105490;0.183703
0.056955;0.175742;0.008087;0.229648;0.017768;0.004239;0.006350;0.029541;0.066442;0.023862;0.017252;0.042238;0.033014;0.107143;0.181718
0.055818;0.179570;0.007532;0.241187;0.016767;0.003958;0.005886;0.028455;0.064228;0.022429;0.016064;0.040118;0.031461;0.105320;0.181206
0.055046;0.181200;0.007130;0.245851;0.016123;0.003700;0.005540;0.027527;0.063200;0.021671;0.015384;0.039285;0.030616;0.105007;0.182718
0.056818;0.178828;0.008127;0.225480;0.017489;0.004307;0.006399;0.030446;0.067750;0.023692;0.017645;0.042511;0.032559;0.108693;0.179255
0.051210;0.206418;0.005803;0.269414;0.012604;0.003029;0.004429;0.027506;0.059336;0.017184;0.012803;0.031906;0.024097;0.101597;0.172667
0.047009;0.209365;0.004273;0.295774;0.010128;0.002062;0.003175;0.022110;0.052903;0.014235;0.010072;0.028237;0.020658;0.097212;0.182788
0.054183;0.182720;0.006703;0.252802;0.015456;0.003431;0.005173;0.026376;0.061695;0.020845;0.014552;0.038176;0.029767;0.104087;0.184034
