0.064246;0.032036;0.062986;0.013570;0.072099;0.055477;0.050344;0.068963;0.090203;0.081355;0.079101;0.110197;0.095435;0.064753;0.059235
0.073740;0.065958;0.041850;0.018877;0.047522;0.038938;0.030225;0.088458;0.142520;0.050323;0.065345;0.095224;0.077754;0.085111;0.078157
0.074092;0.069878;0.041247;0.020152;0.047121;0.038668;0.029937;0.085699;0.138895;0.049412;0.063668;0.094380;0.077645;0.088355;0.080851
0.070298;0.055031;0.048560;0.018165;0.055831;0.044229;0.036145;0.078536;0.119810;0.059528;0.069488;0.102214;0.085371;0.081797;0.074997
0.068440;0.055425;0.049948;0.019179;0.059838;0.045878;0.037010;0.067385;0.104085;0.062028;0.066849;0.105552;0.091234;0.087577;0.079572
0.068992;0.052833;0.050208;0.018021;0.058871;0.045761;0.037339;0.073151;0.111517;0.062199;0.069231;0.104728;0.088883;0.082769;0.075498
0.143145;0.005568;0.101801;0.005295;0.107703;0.089420;0.154233;0.056227;0.022246;0.085671;0.045692;0.063766;0.077221;0.024915;0.017098
0.142442;0.005049;0.102722;0.004786;0.109375;0.089577;0.156796;0.054900;0.021238;0.086802;0.044953;0.063707;0.077631;0.023838;0.016185
0.098139;0.107281;0.006845;0.013416;0.005747;0.008325;0.003996;0.246395;0.334656;0.006987;0.021340;0.026418;0.016550;0.057328;0.046577
0.067063;0.029059;0.064602;0.012953;0.069504;0.054654;0.054171;0.080771;0.096301;0.083407;0.083283;0.104107;0.090137;0.056278;0.053709
0.141904;0.005518;0.101717;0.005227;0.108889;0.088707;0.154081;0.055521;0.022118;0.086610;0.045536;0.064268;0.078036;0.024780;0.017089
0.100170;0.120686;0.007930;0.015585;0.006897;0.009568;0.004657;0.222061;0.310321;0.008167;0.023239;0.030301;0.019453;0.066857;0.054108
0.105976;0.180473;0.004535;0.017780;0.003986;0.006343;0.002571;0.200746;0.277877;0.004677;0.015088;0.022865;0.014720;0.078936;0.063429
0.080260;0.093847;0.027120;0.019361;0.029153;0.026696;0.018243;0.116089;0.206282;0.031668;0.051919;0.075292;0.055978;0.088378;0.079712
0.066557;0.037227;0.057822;0.014062;0.064506;0.049754;0.045359;0.079293;0.110169;0.074355;0.078905;0.106706;0.088971;0.064579;0.061734
0.066346;0.035401;0.059349;0.013924;0.066184;0.051183;0.047035;0.078080;0.105416;0.076294;0.079755;0.106974;0.090022;0.063548;0.060489
0.143032;0.005883;0.102708;0.005692;0.105520;0.092910;0.151683;0.058380;0.022926;0.083077;0.046549;0.062918;0.075635;0.025737;0.017351
0.123055;0.010013;0.101096;0.009856;0.097943;0.100187;0.128115;0.067479;0.030553;0.078036;0.055963;0.065336;0.074932;0.034282;0.023154
0.092798;0.176934;0.010186;0.020979;0.011668;0.012826;0.006122;0.112549;0.201080;0.012241;0.026632;0.050221;0.035170;0.123730;0.106865
0.100150;0.280162;0.003987;0.030406;0.004516;0.006849;0.002518;0.108030;0.160370;0.004991;0.012885;0.025318;0.018962;0.127171;0.113686
0.093052;0.313159;0.003903;0.051363;0.004788;0.007809;0.002761;0.070309;0.101063;0.005341;0.011566;0.023635;0.020356;0.147144;0.143752
0.100348;0.314606;0.003027;0.038047;0.003494;0.005891;0.001994;0.097735;0.133732;0.003915;0.010245;0.020474;0.016186;0.129421;0.120883
0.104544;0.262008;0.003132;0.022933;0.003325;0.005263;0.001833;0.140872;0.201479;0.003748;0.011314;0.021316;0.015018;0.108132;0.095083
0.101648;0.294283;0.003497;0.033223;0.003867;0.006297;0.002238;0.109297;0.154108;0.004347;0.011587;0.022428;0.016984;0.124565;0.111631
0.108946;0.364980;0.000790;0.031037;0.000755;0.001982;0.000474;0.148281;0.153721;0.000966;0.003971;0.007364;0.005568;0.088658;0.082506
0.108170;0.284140;0.001710;0.021807;0.001664;0.003245;0.000971;0.167627;0.208157;0.001995;0.007279;0.013122;0.009265;0.091065;0.079784
0.104092;0.172603;0.002017;0.012163;0.001700;0.003186;0.001043;0.250995;0.309700;0.002084;0.008688;0.013159;0.008191;0.060928;0.049451
0.106646;0.240865;0.003279;0.021791;0.003254;0.005330;0.001882;0.162287;0.221769;0.003742;0.011694;0.020558;0.014374;0.098174;0.084354
0.111659;0.300669;0.000863;0.021113;0.000765;0.001901;0.000478;0.198902;0.206236;0.000967;0.004427;0.007551;0.005282;0.074432;0.064756
0.101380;0.370707;0.001399;0.044985;0.001537;0.003444;0.000922;0.100240;0.116171;0.001859;0.005807;0.011527;0.009572;0.115721;0.114730
0.081648;0.013594;0.087981;0.009733;0.097920;0.072957;0.094199;0.061691;0.047223;0.103551;0.070642;0.092506;0.092402;0.040237;0.033717
0.065853;0.033568;0.064251;0.015796;0.071301;0.055721;0.053525;0.073579;0.091598;0.081820;0.079596;0.103986;0.090126;0.061224;0.058056
0.092751;0.111633;0.015414;0.019671;0.014150;0.016650;0.009873;0.175561;0.273278;0.016354;0.036730;0.047245;0.031687;0.074984;0.064020
0.073427;0.020470;0.079723;0.013082;0.085887;0.066480;0.076629;0.068658;0.063220;0.096269;0.078065;0.095610;0.091698;0.048118;0.042666
0.067944;0.048306;0.053757;0.018354;0.060121;0.047476;0.042385;0.080415;0.116467;0.067187;0.074341;0.099998;0.084185;0.071006;0.068058
0.067930;0.024208;0.073168;0.013279;0.080283;0.061954;0.065134;0.070339;0.074312;0.092513;0.080613;0.102197;0.093047;0.052802;0.048221
0.113839;0.012213;0.098366;0.012137;0.095393;0.105051;0.116769;0.071412;0.033512;0.074849;0.061231;0.065475;0.075218;0.038702;0.025832
0.112073;0.012504;0.098132;0.012461;0.094938;0.106201;0.114698;0.072247;0.033924;0.074196;0.062532;0.065464;0.075024;0.039423;0.026183
0.140784;0.006144;0.099575;0.005751;0.109146;0.085171;0.151155;0.055420;0.023297;0.088071;0.046328;0.065582;0.079223;0.025849;0.018506
0.096581;0.011281;0.090589;0.009146;0.103867;0.076689;0.111867;0.058336;0.037766;0.101949;0.062157;0.084536;0.090311;0.035718;0.029209
0.133811;0.007790;0.101926;0.007650;0.101623;0.096734;0.139452;0.063127;0.026659;0.080846;0.050836;0.064264;0.075175;0.029850;0.020258
0.138037;0.007551;0.100686;0.007343;0.102671;0.093038;0.142448;0.061499;0.026039;0.082194;0.049310;0.064227;0.075898;0.028992;0.020067
0.112933;0.012341;0.098194;0.012289;0.095216;0.105711;0.115685;0.071834;0.033696;0.074575;0.061833;0.065455;0.075158;0.039079;0.026001
0.122308;0.010036;0.101121;0.009891;0.097779;0.101635;0.127180;0.068052;0.030610;0.077441;0.056469;0.065038;0.074771;0.034549;0.023119
0.116266;0.011570;0.099208;0.011452;0.096124;0.103958;0.119950;0.070483;0.032710;0.075581;0.059826;0.065341;0.075111;0.037423;0.024998
0.128671;0.008506;0.102452;0.008367;0.100050;0.099797;0.134573;0.065368;0.028121;0.078962;0.053346;0.064439;0.074663;0.031582;0.021103
0.142122;0.006189;0.100644;0.005908;0.106718;0.088898;0.150847;0.057443;0.023437;0.085515;0.046574;0.064098;0.077325;0.026100;0.018183
0.143442;0.005904;0.102339;0.005723;0.105643;0.092707;0.151539;0.058403;0.022966;0.083251;0.046459;0.062799;0.075668;0.025760;0.017397
0.125510;0.008851;0.102586;0.008696;0.098968;0.103124;0.131191;0.067019;0.028793;0.077286;0.055120;0.064170;0.074474;0.032750;0.021463
0.114065;0.011913;0.098690;0.011853;0.095679;0.105970;0.117134;0.071394;0.033114;0.074627;0.061255;0.065284;0.075154;0.038425;0.025445
0.110134;0.012943;0.097641;0.012904;0.094410;0.107327;0.112274;0.073011;0.034391;0.073553;0.063814;0.065603;0.074962;0.040327;0.026705
0.131056;0.008192;0.102455;0.008047;0.100241;0.099132;0.136436;0.064878;0.027565;0.079312;0.052411;0.064104;0.074555;0.030915;0.020701
0.107696;0.013594;0.097077;0.013566;0.093533;0.108302;0.109321;0.074018;0.035202;0.072927;0.065439;0.065699;0.074645;0.041519;0.027463
0.112705;0.012518;0.098079;0.012462;0.094986;0.105421;0.115349;0.071950;0.033937;0.074461;0.062006;0.065531;0.075129;0.039270;0.026197
0.077975;0.059120;0.040563;0.019675;0.038547;0.037956;0.031131;0.129163;0.177580;0.047462;0.071443;0.078524;0.061024;0.067299;0.062539
0.094129;0.095638;0.009928;0.014306;0.008390;0.011396;0.005991;0.234414;0.323087;0.010301;0.028587;0.033618;0.021446;0.059024;0.049746
0.128018;0.007381;0.097937;0.006688;0.107860;0.083970;0.140722;0.056498;0.026544;0.092166;0.050309;0.070111;0.082231;0.028496;0.021067
0.139023;0.006703;0.102770;0.006566;0.103040;0.096599;0.145162;0.061445;0.024731;0.081078;0.048801;0.063054;0.074678;0.027775;0.018574
0.145523;0.005950;0.101407;0.005731;0.105827;0.090685;0.152345;0.057941;0.022930;0.083770;0.045998;0.062761;0.075882;0.025666;0.017586
0.122944;0.009708;0.101460;0.009557;0.097949;0.102863;0.127786;0.068006;0.030092;0.077083;0.056246;0.064704;0.074729;0.034216;0.022657
0.113730;0.011982;0.098609;0.011923;0.095644;0.106013;0.116800;0.071434;0.033202;0.074569;0.061436;0.065377;0.075194;0.038550;0.025537
0.070840;0.037186;0.059947;0.016824;0.061376;0.051337;0.050869;0.091195;0.112005;0.074039;0.081471;0.093897;0.080917;0.060135;0.057964
0.132678;0.008005;0.097399;0.007418;0.104846;0.084268;0.141228;0.058525;0.027084;0.088593;0.050248;0.068232;0.080377;0.029367;0.021733
0.093746;0.016754;0.085091;0.012828;0.093628;0.071364;0.100048;0.064975;0.047415;0.095598;0.066939;0.084878;0.087744;0.042296;0.036696
0.132274;0.008099;0.102068;0.007955;0.100576;0.098055;0.137391;0.064300;0.027308;0.079968;0.051772;0.064178;0.074799;0.030618;0.020639
0.072857;0.032000;0.067133;0.017903;0.068833;0.057304;0.061816;0.084628;0.089944;0.081533;0.081293;0.091853;0.083822;0.056040;0.053043
0.074815;0.041930;0.056204;0.019043;0.055193;0.049487;0.047889;0.103057;0.122427;0.066561;0.080373;0.087136;0.074357;0.062258;0.059269
0.099982;0.130780;0.007314;0.015521;0.006701;0.009077;0.004239;0.211051;0.300802;0.007736;0.022296;0.030939;0.020217;0.072793;0.060549
0.079827;0.052578;0.044287;0.020041;0.041617;0.041125;0.035821;0.130563;0.162999;0.051844;0.074269;0.077972;0.062777;0.063947;0.060334
0.090313;0.020759;0.081631;0.015856;0.087069;0.068525;0.093382;0.069840;0.054298;0.091368;0.070474;0.084024;0.085473;0.046198;0.040792
0.098375;0.109951;0.006862;0.013832;0.005949;0.008476;0.003987;0.243928;0.324349;0.007136;0.021739;0.027213;0.017567;0.060268;0.050368
0.098269;0.017633;0.085004;0.014427;0.090243;0.072053;0.103571;0.068404;0.047458;0.091997;0.066948;0.080492;0.084050;0.042871;0.036579
0.079582;0.034804;0.065071;0.020421;0.064897;0.056108;0.062535;0.092918;0.093512;0.076904;0.079118;0.085028;0.078807;0.056457;0.053836
0.132638;0.009671;0.098105;0.009400;0.099814;0.090674;0.134329;0.063782;0.029422;0.082269;0.051716;0.065855;0.076675;0.032365;0.023285
0.095705;0.083145;0.012181;0.016808;0.009785;0.013952;0.008040;0.253885;0.306559;0.012573;0.033027;0.033574;0.022281;0.052576;0.045909
0.084071;0.021366;0.080538;0.015353;0.086163;0.067430;0.087241;0.069798;0.057863;0.092550;0.073273;0.087833;0.087256;0.047283;0.041980
0.084573;0.019071;0.082989;0.014295;0.088946;0.070312;0.091390;0.068486;0.054013;0.094296;0.072400;0.087018;0.087620;0.045266;0.039326
0.085335;0.066182;0.034654;0.022507;0.031058;0.034069;0.026739;0.155378;0.193680;0.038806;0.064895;0.066749;0.051929;0.066521;0.061499
0.055709;0.203419;0.000216;0.478865;0.000331;0.002103;0.000205;0.018881;0.011396;0.000544;0.001262;0.001971;0.003450;0.075227;0.146420
0.057145;0.198252;0.000533;0.414358;0.000852;0.003893;0.000527;0.016881;0.013230;0.001288;0.002377;0.003948;0.006755;0.094638;0.185325
0.072815;0.274039;0.000781;0.281661;0.001055;0.004209;0.000681;0.030851;0.025130;0.001541;0.003303;0.005764;0.008074;0.109251;0.180845
0.051056;0.176376;0.000394;0.468525;0.000662;0.003348;0.000404;0.013411;0.010354;0.001029;0.001877;0.003071;0.005654;0.086530;0.177309
0.060867;0.203540;0.001290;0.328267;0.001985;0.006960;0.001249;0.017926;0.017684;0.002809;0.004492;0.007796;0.012568;0.119031;0.213537
0.051278;0.179671;0.000548;0.432129;0.000921;0.004222;0.000562;0.012955;0.011252;0.001399;0.002375;0.004006;0.007336;0.096807;0.194539
0.059695;0.209952;0.000800;0.361963;0.001232;0.004996;0.000777;0.017880;0.015871;0.001822;0.003176;0.005445;0.008980;0.107205;0.200206
0.065336;0.225864;0.001095;0.315557;0.001595;0.005874;0.001026;0.021918;0.019930;0.002308;0.004043;0.006961;0.010710;0.115145;0.202637
0.057878;0.202511;0.000212;0.482946;0.000318;0.002102;0.000200;0.020499;0.011875;0.000527;0.001267;0.001922;0.003345;0.073650;0.140749
0.083634;0.304411;0.000736;0.247279;0.000907;0.003725;0.000613;0.046815;0.033366;0.001334;0.003322;0.005466;0.007024;0.102982;0.158384
0.056778;0.191421;0.000708;0.402235;0.001129;0.004829;0.000713;0.016069;0.013699;0.001690;0.002899;0.004807;0.008278;0.100963;0.193783
0.069311;0.243889;0.001491;0.263050;0.002091;0.006763;0.001356;0.025300;0.024904;0.002926;0.005084;0.009032;0.012946;0.124427;0.207430
0.070908;0.053504;0.048817;0.019548;0.051396;0.044354;0.038013;0.095981;0.134860;0.058643;0.075334;0.092754;0.076550;0.070957;0.068380
0.078742;0.082248;0.028118;0.017407;0.028680;0.027428;0.018978;0.127772;0.218914;0.032511;0.056200;0.074966;0.054853;0.080781;0.072403
0.090439;0.090668;0.018537;0.019120;0.017268;0.020095;0.012669;0.185220;0.260841;0.020346;0.043853;0.051161;0.036551;0.070021;0.063211
0.107508;0.287306;0.002756;0.029331;0.002780;0.004936;0.001718;0.143727;0.184285;0.003232;0.009871;0.017493;0.012807;0.101344;0.090904
0.099270;0.137549;0.009092;0.018399;0.008671;0.011072;0.005639;0.185624;0.281328;0.009851;0.025687;0.036180;0.024355;0.079465;0.067818
0.082166;0.075883;0.026590;0.016893;0.024767;0.026248;0.018093;0.152979;0.237758;0.030163;0.056203;0.067193;0.048075;0.072707;0.064282
0.098876;0.170268;0.008416;0.019860;0.008445;0.010555;0.005064;0.155845;0.251055;0.009231;0.023260;0.037559;0.025192;0.095713;0.080661
0.093791;0.171854;0.012600;0.025931;0.013958;0.015398;0.008050;0.113030;0.192635;0.014627;0.029757;0.051454;0.037431;0.116696;0.102786
0.109955;0.341675;0.001599;0.076843;0.001598;0.004338;0.001141;0.114460;0.101570;0.002086;0.006419;0.010475;0.009497;0.105073;0.113271
0.099953;0.249599;0.006706;0.034993;0.007145;0.010162;0.004436;0.109039;0.164026;0.007832;0.018295;0.032512;0.024247;0.123605;0.107449
0.098235;0.258945;0.007125;0.042680;0.007814;0.011261;0.004946;0.095308;0.139011;0.008551;0.018410;0.033233;0.025933;0.131521;0.117025
0.111337;0.249628;0.002749;0.024324;0.002591;0.004742;0.001629;0.178169;0.216232;0.003069;0.010175;0.016645;0.011880;0.089500;0.077331
0.104743;0.306094;0.003450;0.043022;0.003599;0.006528;0.002329;0.112411;0.141441;0.004178;0.011129;0.019868;0.015653;0.117826;0.107729
0.111265;0.328052;0.001775;0.039362;0.001742;0.003882;0.001145;0.137410;0.149112;0.002133;0.007013;0.012219;0.009616;0.101138;0.094137
0.107555;0.207433;0.003804;0.019590;0.003532;0.005761;0.002180;0.186049;0.253827;0.004118;0.013184;0.021228;0.014300;0.085673;0.071766
0.092147;0.087051;0.028294;0.026221;0.026183;0.029305;0.020794;0.155389;0.198438;0.029804;0.053955;0.060483;0.046747;0.076879;0.068310
0.068565;0.024525;0.071341;0.012923;0.076024;0.060661;0.063328;0.075741;0.079435;0.089144;0.083275;0.101385;0.091976;0.053156;0.048522
0.091185;0.092386;0.004748;0.009699;0.003886;0.005949;0.002652;0.278627;0.369695;0.004894;0.017556;0.020691;0.012523;0.046732;0.038776
0.108538;0.218388;0.005711;0.028171;0.005486;0.008484;0.003585;0.157125;0.212192;0.006259;0.016790;0.026711;0.019242;0.098695;0.084623
0.099736;0.289271;0.005497;0.053878;0.006039;0.009843;0.003987;0.088260;0.117866;0.006799;0.014692;0.026651;0.021928;0.132543;0.123010
0.103932;0.346427;0.002318;0.065712;0.002384;0.005393;0.001661;0.095884;0.102704;0.002956;0.007975;0.014039;0.012326;0.118538;0.117752
0.099572;0.303389;0.004549;0.055308;0.005040;0.008647;0.003277;0.085630;0.112423;0.005742;0.012831;0.023736;0.019918;0.133678;0.126260
0.091163;0.299645;0.005349;0.075704;0.006255;0.010641;0.004138;0.060587;0.082212;0.007137;0.013571;0.025581;0.023482;0.146773;0.147763
0.094225;0.323645;0.003874;0.080698;0.004334;0.008445;0.002963;0.066456;0.081833;0.005134;0.010912;0.019978;0.018468;0.138067;0.140967
0.099485;0.301746;0.004513;0.058358;0.005138;0.008795;0.003298;0.083670;0.107269;0.005825;0.012748;0.023460;0.020265;0.134653;0.130777
0.099734;0.281763;0.005742;0.057340;0.006484;0.010489;0.004212;0.085461;0.111203;0.007254;0.015150;0.027168;0.023277;0.135614;0.129109
0.085710;0.317371;0.001149;0.193783;0.001431;0.004705;0.000949;0.047876;0.040130;0.001952;0.004503;0.007939;0.009513;0.113624;0.169365
0.096227;0.322114;0.003285;0.088189;0.003740;0.007739;0.002488;0.069041;0.078271;0.004489;0.009784;0.017747;0.017016;0.134381;0.145491
0.101059;0.325299;0.003127;0.073201;0.003484;0.007028;0.002309;0.083948;0.094004;0.004128;0.009677;0.017370;0.015887;0.126807;0.132671
0.072527;0.262000;0.000411;0.344706;0.000568;0.002869;0.000362;0.032882;0.021810;0.000873;0.002138;0.003461;0.005143;0.090494;0.159757
0.052776;0.178601;0.000274;0.500610;0.000443;0.002622;0.000274;0.015649;0.010257;0.000712;0.001475;0.002286;0.004162;0.076519;0.153339
0.077222;0.256076;0.001509;0.256061;0.002010;0.006555;0.001343;0.034203;0.030137;0.002808;0.005297;0.008924;0.012121;0.118888;0.186846
0.088478;0.302743;0.001903;0.166722;0.002382;0.006573;0.001576;0.051458;0.048387;0.003086;0.006618;0.011587;0.013264;0.122891;0.172332
0.106277;0.187658;0.009200;0.043146;0.009349;0.014035;0.006477;0.140380;0.178273;0.010707;0.024561;0.035207;0.028552;0.104555;0.101625
0.083177;0.110763;0.024766;0.023784;0.027378;0.025937;0.017035;0.105778;0.180148;0.028917;0.047948;0.072944;0.056503;0.102579;0.092345
0.074514;0.067608;0.044060;0.024241;0.048515;0.042463;0.033972;0.088327;0.124811;0.051360;0.067529;0.089943;0.076794;0.085842;0.080022
0.073985;0.232784;0.006292;0.129685;0.008934;0.015444;0.005571;0.029731;0.042902;0.010315;0.013915;0.027712;0.033167;0.159989;0.209574
0.071962;0.224149;0.005252;0.158912;0.007612;0.014667;0.004772;0.026622;0.036573;0.009050;0.012206;0.023712;0.030219;0.155328;0.218964
0.073165;0.207129;0.005193;0.185584;0.007545;0.015539;0.004858;0.027300;0.034294;0.009146;0.012361;0.022420;0.029827;0.146746;0.218893
0.073776;0.211584;0.005118;0.183034;0.007362;0.015133;0.004761;0.028176;0.035139;0.008931;0.012259;0.022232;0.029248;0.146215;0.217032
0.072668;0.217906;0.004622;0.183330;0.006692;0.014028;0.004276;0.027033;0.034174;0.008156;0.011339;0.021018;0.027722;0.147177;0.219860
0.070327;0.205357;0.003529;0.231743;0.005225;0.012656;0.003371;0.024787;0.028319;0.006652;0.009449;0.016600;0.023566;0.136986;0.221433
0.111638;0.269912;0.001156;0.019365;0.001049;0.002347;0.000641;0.206179;0.225458;0.001308;0.005607;0.009337;0.006476;0.074390;0.065137
0.110800;0.264754;0.001213;0.018682;0.001114;0.002422;0.000671;0.206391;0.230138;0.001383;0.005840;0.009756;0.006763;0.074612;0.065460
0.109665;0.251672;0.001250;0.017038;0.001137;0.002421;0.000678;0.214227;0.243149;0.001408;0.006008;0.009995;0.006782;0.072108;0.062461
0.112113;0.289427;0.001260;0.023198;0.001184;0.002631;0.000727;0.187020;0.203849;0.001466;0.005875;0.009976;0.007171;0.081085;0.073019
0.114431;0.294650;0.001553;0.030025;0.001458;0.003266;0.000937;0.175071;0.183074;0.001807;0.006678;0.011125;0.008344;0.087204;0.080376
0.080650;0.156106;0.020766;0.036550;0.025373;0.025294;0.014575;0.066281;0.116893;0.026140;0.038169;0.069740;0.057096;0.140468;0.125898
0.113759;0.231130;0.002708;0.023544;0.002421;0.004637;0.001589;0.197163;0.230199;0.002913;0.010179;0.015649;0.011078;0.082856;0.070176
0.105351;0.319264;0.003016;0.076486;0.003152;0.006966;0.002232;0.095144;0.098277;0.003882;0.009745;0.016299;0.014841;0.120474;0.124871
0.088548;0.202677;0.013552;0.039235;0.015661;0.017881;0.009281;0.079872;0.132499;0.016404;0.028724;0.052236;0.041065;0.139528;0.122836
0.108777;0.261615;0.004603;0.035137;0.004464;0.007580;0.002962;0.135972;0.174953;0.005176;0.014112;0.023208;0.017397;0.109569;0.094476
0.113450;0.271604;0.003221;0.033583;0.002989;0.005728;0.002023;0.154841;0.180716;0.003565;0.010997;0.017644;0.013162;0.100401;0.086077
0.102620;0.249099;0.006774;0.038986;0.006949;0.010427;0.004519;0.114722;0.158386;0.007788;0.018228;0.030782;0.023621;0.121804;0.105294
0.108131;0.368472;0.001184;0.052708;0.001195;0.003119;0.000798;0.119826;0.117200;0.001518;0.005142;0.009195;0.007758;0.101120;0.102634
0.097504;0.264338;0.006862;0.042979;0.007542;0.011025;0.004728;0.090828;0.134690;0.008306;0.017776;0.032831;0.025621;0.135577;0.119393
0.100289;0.296931;0.004605;0.045840;0.005056;0.008305;0.003192;0.093171;0.127726;0.005701;0.013187;0.024887;0.019809;0.131658;0.119642
0.100836;0.236513;0.007105;0.032364;0.007454;0.010448;0.004603;0.115350;0.174652;0.008189;0.019112;0.033722;0.024746;0.121181;0.103724
0.102962;0.179508;0.006685;0.020092;0.006357;0.008865;0.003952;0.169979;0.255916;0.007181;0.019731;0.031079;0.020790;0.091421;0.075483
0.111761;0.269356;0.002190;0.024862;0.002091;0.004022;0.001304;0.174610;0.206576;0.002495;0.008545;0.014443;0.010328;0.089255;0.078162
0.140388;0.004907;0.104795;0.004721;0.108313;0.094252;0.155942;0.055976;0.021121;0.084728;0.045626;0.063181;0.076579;0.023831;0.015641
0.135799;0.004643;0.104929;0.004377;0.110375;0.092489;0.156210;0.054221;0.020806;0.088050;0.046056;0.064764;0.078594;0.023263;0.015423
0.137404;0.004668;0.105180;0.004443;0.109900;0.093399;0.156467;0.054659;0.020749;0.086692;0.045719;0.064106;0.077944;0.023330;0.015342
0.128401;0.004362;0.104491;0.003966;0.113651;0.089689;0.154867;0.051994;0.020901;0.093785;0.046850;0.067381;0.081611;0.022758;0.015292
0.137172;0.004537;0.104821;0.004284;0.110649;0.092125;0.157434;0.053977;0.020521;0.087945;0.045530;0.064394;0.078413;0.022983;0.015215
0.142234;0.004409;0.105265;0.004218;0.109686;0.093647;0.159608;0.054539;0.019985;0.085379;0.044448;0.062603;0.076631;0.022613;0.014736
0.130157;0.005129;0.103616;0.004748;0.110614;0.090222;0.151579;0.054271;0.022264;0.090960;0.047720;0.067005;0.080662;0.024448;0.016605
0.139591;0.004752;0.104581;0.004530;0.109202;0.092998;0.156848;0.055089;0.020852;0.086224;0.045462;0.063605;0.077328;0.023450;0.015490
0.129796;0.004099;0.103895;0.003688;0.115268;0.087787;0.156938;0.050533;0.020240;0.095348;0.045799;0.067591;0.082074;0.022020;0.014924
0.138679;0.004109;0.104706;0.003833;0.112545;0.090270;0.160722;0.052194;0.019523;0.089607;0.044319;0.064216;0.078910;0.021877;0.014491
0.130999;0.004530;0.103983;0.004150;0.112980;0.089169;0.155250;0.052307;0.020971;0.092683;0.046413;0.066905;0.081047;0.023026;0.015587
0.131233;0.004762;0.103913;0.004397;0.111845;0.089964;0.154049;0.053198;0.021417;0.091535;0.046834;0.066682;0.080621;0.023590;0.015961
0.126054;0.004680;0.103289;0.004183;0.113754;0.087833;0.151775;0.051937;0.021815;0.095556;0.047567;0.069067;0.082867;0.023459;0.016164
0.131373;0.003930;0.104367;0.003551;0.115405;0.088118;0.158927;0.050347;0.019728;0.094727;0.045182;0.066780;0.081522;0.021548;0.014495
0.064309;0.033391;0.061675;0.013707;0.069713;0.053126;0.049154;0.072358;0.097318;0.080232;0.079464;0.109178;0.093126;0.063438;0.059811
0.130934;0.003784;0.104543;0.003398;0.116019;0.088056;0.159542;0.049897;0.019451;0.095328;0.045039;0.066867;0.081754;0.021188;0.014201
0.068645;0.014589;0.081489;0.008052;0.093576;0.066130;0.075802;0.060955;0.058143;0.106297;0.077535;0.106927;0.099652;0.044098;0.038112
0.104669;0.005132;0.100448;0.004173;0.115738;0.082629;0.136721;0.050280;0.025616;0.107668;0.053622;0.079774;0.090103;0.025183;0.018243
0.139436;0.005605;0.104696;0.005489;0.105364;0.097033;0.151393;0.059025;0.022666;0.082136;0.047361;0.062724;0.074804;0.025559;0.016710
0.070781;0.017575;0.077985;0.009558;0.084089;0.063026;0.072547;0.070411;0.068196;0.099118;0.081622;0.102680;0.095382;0.046146;0.040883
0.134429;0.006879;0.104177;0.006787;0.102202;0.099821;0.142764;0.062941;0.025306;0.079798;0.050486;0.063143;0.074081;0.028512;0.018675
0.133785;0.006785;0.104578;0.006702;0.102432;0.100389;0.142895;0.062952;0.025205;0.079553;0.050686;0.063088;0.074045;0.028413;0.018492
0.136021;0.006410;0.104651;0.006320;0.102910;0.099571;0.145694;0.061957;0.024450;0.080057;0.049634;0.062839;0.074011;0.027546;0.017929
0.070421;0.018490;0.078152;0.010563;0.085002;0.064975;0.072650;0.068773;0.065972;0.097947;0.080791;0.101248;0.095225;0.047753;0.042039
0.125709;0.008949;0.102410;0.008831;0.099024;0.101338;0.132006;0.066563;0.028997;0.078141;0.054700;0.064548;0.074496;0.032640;0.021650
0.129217;0.008147;0.102854;0.008047;0.100771;0.099261;0.136533;0.064665;0.027559;0.079514;0.052789;0.064420;0.074746;0.030862;0.020614
0.136758;0.006403;0.103429;0.006284;0.104234;0.095964;0.147105;0.060188;0.024215;0.082413;0.048696;0.063736;0.075335;0.027118;0.018123
0.129508;0.008500;0.101899;0.008380;0.100433;0.097695;0.135776;0.064593;0.028020;0.080107;0.052622;0.064872;0.075089;0.031277;0.021230
0.138592;0.005838;0.103130;0.005632;0.106249;0.093054;0.150939;0.057891;0.023028;0.084635;0.047198;0.063989;0.076734;0.025738;0.017352
0.133916;0.007076;0.103525;0.006975;0.102481;0.098596;0.142216;0.062702;0.025587;0.080401;0.050538;0.063611;0.074603;0.028731;0.019042
0.136394;0.006308;0.104194;0.006202;0.103896;0.098241;0.146450;0.060979;0.024119;0.081221;0.049031;0.063174;0.074759;0.027176;0.017856
0.135717;0.006645;0.103792;0.006556;0.103151;0.098214;0.144881;0.061737;0.024791;0.080780;0.049636;0.063335;0.074537;0.027840;0.018387
0.105505;0.007654;0.096693;0.006305;0.108831;0.080394;0.127219;0.055347;0.030595;0.103052;0.056722;0.079913;0.088962;0.029900;0.022910
0.137491;0.006100;0.104758;0.006015;0.103780;0.099522;0.147390;0.061263;0.023791;0.080274;0.048903;0.062484;0.073958;0.026853;0.017420
0.137797;0.004798;0.103365;0.004496;0.110796;0.089947;0.155938;0.054068;0.021049;0.089096;0.045565;0.064816;0.078934;0.023490;0.015843
0.142512;0.005134;0.104525;0.004998;0.106835;0.095642;0.154891;0.057462;0.021560;0.082951;0.045954;0.062226;0.075020;0.024355;0.015935
0.119742;0.007152;0.101630;0.006625;0.106649;0.090844;0.138201;0.058049;0.026689;0.090845;0.052632;0.070024;0.081985;0.028740;0.020194
0.125052;0.006101;0.102546;0.005671;0.108358;0.091252;0.144527;0.056520;0.024467;0.090665;0.050317;0.068379;0.081095;0.026646;0.018404
0.142020;0.005209;0.105394;0.005125;0.105623;0.098512;0.153496;0.058892;0.021857;0.081185;0.046594;0.061557;0.073826;0.024773;0.015936
0.073240;0.017732;0.081848;0.011334;0.091129;0.069197;0.079711;0.063451;0.056659;0.100251;0.075661;0.098205;0.094472;0.046783;0.040325
0.132633;0.004536;0.104931;0.004227;0.111741;0.092307;0.155079;0.053605;0.020803;0.089941;0.046490;0.065645;0.079608;0.023124;0.015329
0.134080;0.006292;0.103989;0.006159;0.104815;0.096908;0.146505;0.059924;0.024191;0.082804;0.049213;0.064323;0.075776;0.027057;0.017965
0.125127;0.007163;0.102498;0.006816;0.105047;0.093320;0.139960;0.059531;0.026191;0.087040;0.051591;0.067744;0.079491;0.028720;0.019763
0.118211;0.010867;0.100237;0.010781;0.096997;0.102574;0.123303;0.069240;0.031877;0.076706;0.058253;0.065493;0.075136;0.036159;0.024166
0.096085;0.134269;0.013801;0.023093;0.013268;0.015614;0.009044;0.163936;0.251259;0.014762;0.032724;0.045091;0.031268;0.083620;0.072167
0.116579;0.004400;0.103444;0.003799;0.115653;0.087138;0.147962;0.050626;0.022270;0.101087;0.049521;0.072462;0.085867;0.023190;0.016001
0.120116;0.004886;0.102971;0.004312;0.113644;0.087507;0.147667;0.052196;0.022876;0.098126;0.049431;0.071090;0.084284;0.024150;0.016744
0.129008;0.005517;0.104768;0.005244;0.108085;0.094534;0.148439;0.056822;0.023051;0.087604;0.049097;0.066280;0.079081;0.025481;0.016989
0.067662;0.045287;0.051665;0.015004;0.057560;0.044693;0.039565;0.085284;0.129251;0.066078;0.075801;0.103100;0.084142;0.068676;0.066229
0.071749;0.065043;0.041004;0.018154;0.043822;0.037332;0.029600;0.099828;0.164988;0.049437;0.067831;0.090421;0.071243;0.077438;0.072110
0.103295;0.007599;0.096473;0.006336;0.110187;0.081132;0.126796;0.054262;0.030278;0.103722;0.056852;0.080779;0.089642;0.029895;0.022753
0.111385;0.007352;0.097591;0.006306;0.109696;0.082195;0.133239;0.054784;0.028576;0.100291;0.054280;0.076650;0.086877;0.028977;0.021800
0.091942;0.009066;0.093291;0.006998;0.106698;0.077380;0.112764;0.056030;0.036207;0.107258;0.062800;0.087714;0.092259;0.033170;0.026422
0.067350;0.045826;0.052046;0.016117;0.055495;0.045439;0.040187;0.090390;0.132631;0.065112;0.078034;0.098683;0.080511;0.067185;0.064995
0.124258;0.006010;0.100262;0.005339;0.111128;0.084287;0.144925;0.053914;0.024674;0.095984;0.049657;0.071067;0.083540;0.026115;0.018838
0.068965;0.018531;0.077537;0.010122;0.084630;0.063240;0.070837;0.068575;0.068298;0.098962;0.081039;0.103754;0.095746;0.047434;0.042332
0.066677;0.040423;0.054832;0.014091;0.061162;0.047482;0.041895;0.081173;0.117741;0.069921;0.077776;0.106688;0.088099;0.067626;0.064414
0.109255;0.005988;0.099411;0.005038;0.112621;0.082685;0.136836;0.052527;0.026622;0.103462;0.053556;0.077484;0.088271;0.026679;0.019565
0.077381;0.010860;0.088873;0.006917;0.100908;0.070078;0.092586;0.058849;0.046839;0.110931;0.071783;0.099014;0.096653;0.037245;0.031084
0.127113;0.004649;0.102669;0.004133;0.114142;0.086066;0.152853;0.051469;0.021713;0.096556;0.047174;0.069202;0.082836;0.023262;0.016161
0.066047;0.017997;0.075517;0.008718;0.086438;0.061354;0.065675;0.063955;0.069420;0.100752;0.079704;0.111883;0.099905;0.048933;0.043702
0.063604;0.027531;0.063905;0.011078;0.072545;0.053630;0.051409;0.072313;0.095158;0.085921;0.081850;0.113083;0.095227;0.057996;0.054750
0.069255;0.074427;0.042175;0.022734;0.050613;0.040072;0.030310;0.068403;0.116126;0.052018;0.060644;0.099183;0.083941;0.099554;0.090546
0.063481;0.029315;0.063667;0.011970;0.073807;0.054268;0.050919;0.068371;0.091658;0.085206;0.079430;0.113662;0.096159;0.061072;0.057015
0.065427;0.039719;0.055942;0.014174;0.062848;0.048036;0.042952;0.077540;0.114097;0.072336;0.077458;0.107756;0.089456;0.067714;0.064547
0.079092;0.091736;0.029144;0.020696;0.030583;0.028677;0.019833;0.113312;0.195694;0.033628;0.054858;0.076772;0.057546;0.088921;0.079507
0.067095;0.046000;0.050666;0.014974;0.055139;0.044213;0.038109;0.088636;0.133922;0.063897;0.076904;0.101666;0.082679;0.069368;0.066733
0.070026;0.062487;0.044281;0.018898;0.049025;0.040518;0.032383;0.086716;0.139646;0.053624;0.069014;0.096704;0.078396;0.082111;0.076170
0.065606;0.040980;0.055971;0.014926;0.063955;0.048781;0.042732;0.074360;0.108683;0.071910;0.075743;0.108323;0.091037;0.070517;0.066476
0.075678;0.084011;0.034637;0.021144;0.038163;0.033400;0.024183;0.095442;0.163452;0.040895;0.058781;0.086148;0.068041;0.092295;0.083729
0.069409;0.058461;0.044900;0.017226;0.049561;0.040530;0.032686;0.088652;0.143892;0.055008;0.070495;0.097961;0.078490;0.079123;0.073605
0.067955;0.052180;0.047466;0.015689;0.054378;0.042541;0.034688;0.081451;0.131188;0.059739;0.071432;0.104729;0.085131;0.078474;0.072960
0.144724;0.004184;0.106447;0.004070;0.108738;0.097056;0.161069;0.055458;0.019521;0.082849;0.044197;0.060942;0.074429;0.022230;0.014086
0.138263;0.003983;0.105786;0.003747;0.112328;0.092803;0.160722;0.052633;0.019258;0.088290;0.044474;0.063655;0.078293;0.021672;0.014092
0.074127;0.010877;0.088276;0.006781;0.102771;0.071926;0.088147;0.056015;0.045917;0.111908;0.071457;0.102656;0.098820;0.038607;0.031716
0.139109;0.005471;0.105906;0.005393;0.105036;0.100050;0.150836;0.059985;0.022529;0.080276;0.047814;0.061903;0.073780;0.025582;0.016330
0.111426;0.005007;0.102492;0.004285;0.115000;0.087158;0.140978;0.051506;0.024095;0.101978;0.051669;0.074816;0.087409;0.024793;0.017390
0.084860;0.007686;0.094705;0.005564;0.109920;0.078368;0.107813;0.053456;0.035570;0.112469;0.064322;0.093116;0.095232;0.032038;0.024880
0.098727;0.005925;0.099227;0.004775;0.114801;0.083921;0.127245;0.050948;0.027855;0.107831;0.056309;0.083037;0.091733;0.027443;0.020223
0.072160;0.013245;0.084882;0.007955;0.097488;0.069179;0.081975;0.059310;0.052185;0.108225;0.074414;0.103174;0.098337;0.041941;0.035529
0.129879;0.004421;0.104327;0.004046;0.113387;0.090237;0.154711;0.052191;0.020855;0.092769;0.046605;0.067011;0.081271;0.022904;0.015387
0.076921;0.010345;0.090126;0.006914;0.104217;0.075058;0.093247;0.055847;0.042819;0.110535;0.069804;0.099218;0.097218;0.037532;0.030200
0.142083;0.004298;0.105093;0.004098;0.110386;0.093044;0.160283;0.053995;0.019773;0.086213;0.044228;0.062666;0.076933;0.022323;0.014583
0.064462;0.023675;0.070201;0.011171;0.078413;0.058791;0.059400;0.069348;0.080772;0.092908;0.081839;0.109323;0.096035;0.054056;0.049605
0.118475;0.011538;0.099427;0.011406;0.096013;0.100630;0.122215;0.069440;0.032717;0.077131;0.058248;0.065845;0.074998;0.036825;0.025095
0.113696;0.013542;0.096919;0.013383;0.094156;0.100171;0.115801;0.070951;0.035170;0.076282;0.060401;0.066682;0.075530;0.039734;0.027583
0.124434;0.009784;0.101220;0.009625;0.097957;0.100440;0.128894;0.067266;0.030162;0.078147;0.055408;0.065073;0.074751;0.033966;0.022872
0.111782;0.012302;0.098193;0.012259;0.095156;0.107501;0.114375;0.072228;0.033543;0.073984;0.062776;0.065463;0.075079;0.039407;0.025951
0.113923;0.012159;0.098434;0.012096;0.095415;0.105119;0.116872;0.071367;0.033420;0.074915;0.061165;0.065470;0.075199;0.038670;0.025778
0.111782;0.012016;0.098625;0.011984;0.095378;0.108606;0.114521;0.072437;0.033219;0.073636;0.063034;0.065169;0.074888;0.039142;0.025563
0.118593;0.011234;0.099666;0.011075;0.096387;0.101871;0.122556;0.069385;0.032272;0.076707;0.058224;0.065621;0.075158;0.036577;0.024676
0.114479;0.011982;0.098629;0.011898;0.095628;0.105025;0.117579;0.071135;0.033211;0.074997;0.060844;0.065451;0.075242;0.038340;0.025559
0.123881;0.009804;0.101225;0.009647;0.097788;0.101473;0.128305;0.067747;0.030264;0.077654;0.055854;0.064811;0.074600;0.034106;0.022841
0.115225;0.011437;0.099241;0.011378;0.096131;0.106291;0.118635;0.071060;0.032512;0.074809;0.060672;0.064981;0.075044;0.037730;0.024853
0.126325;0.010115;0.099913;0.009948;0.098097;0.096326;0.129806;0.066343;0.030480;0.079793;0.054310;0.065776;0.075373;0.033846;0.023551
0.114535;0.040807;0.058121;0.056726;0.066076;0.069377;0.069108;0.060687;0.049363;0.063184;0.054989;0.069595;0.083791;0.068607;0.075032
0.107726;0.031174;0.068059;0.037483;0.077314;0.071627;0.080319;0.060585;0.048239;0.074223;0.059067;0.076320;0.088335;0.058997;0.060533
0.132738;0.007618;0.103129;0.007489;0.101056;0.099312;0.139083;0.064053;0.026606;0.079564;0.051552;0.063687;0.074396;0.029880;0.019837
0.105825;0.014612;0.096105;0.014566;0.092443;0.107244;0.106866;0.074647;0.036415;0.072789;0.066442;0.066040;0.074532;0.042816;0.028658
0.118565;0.010257;0.100775;0.010164;0.097471;0.106277;0.123267;0.069745;0.030904;0.075380;0.058803;0.064489;0.074885;0.035732;0.023286
0.131611;0.007945;0.102765;0.007815;0.100529;0.099214;0.137575;0.064543;0.027195;0.079443;0.052159;0.063955;0.074439;0.030477;0.020336
0.124916;0.009149;0.102204;0.009004;0.098576;0.102564;0.130300;0.067248;0.029270;0.077462;0.055320;0.064391;0.074492;0.033207;0.021897
0.099257;0.128562;0.006922;0.015068;0.006358;0.008611;0.004070;0.214731;0.309502;0.007369;0.021744;0.029769;0.019442;0.069751;0.058843
0.099000;0.307251;0.000788;0.208411;0.000926;0.003655;0.000638;0.074729;0.049093;0.001340;0.003799;0.005806;0.006876;0.093027;0.144662
0.068945;0.217864;0.000307;0.425316;0.000454;0.002582;0.000283;0.030748;0.017299;0.000711;0.001783;0.002611;0.004267;0.077122;0.149707
0.055381;0.163810;0.000349;0.508277;0.000572;0.003181;0.000353;0.018298;0.011543;0.000896;0.001854;0.002648;0.004910;0.074236;0.153693
0.036230;0.111205;0.000185;0.637348;0.000349;0.002313;0.000205;0.007905;0.005440;0.000564;0.001069;0.001505;0.003376;0.059373;0.132934
0.025536;0.072310;0.000109;0.742095;0.000229;0.001793;0.000134;0.004477;0.003270;0.000373;0.000682;0.000922;0.002356;0.044430;0.101282
0.041707;0.123519;0.000325;0.587940;0.000585;0.003332;0.000355;0.009784;0.007360;0.000912;0.001622;0.002302;0.004834;0.069454;0.145971
0.027504;0.080158;0.000118;0.726340;0.000241;0.001829;0.000140;0.005193;0.003711;0.000387;0.000732;0.000977;0.002419;0.046461;0.103789
0.031622;0.090726;0.000185;0.684551;0.000362;0.002471;0.000215;0.006266;0.004688;0.000574;0.001032;0.001394;0.003296;0.053867;0.118752
0.031840;0.088891;0.000218;0.680542;0.000428;0.002838;0.000257;0.006160;0.004789;0.000669;0.001159;0.001580;0.003700;0.055549;0.121380
0.026233;0.076997;0.000105;0.735039;0.000217;0.001702;0.000125;0.004762;0.003378;0.000353;0.000664;0.000893;0.002260;0.044844;0.102430
0.024392;0.073948;0.000068;0.758053;0.000140;0.001239;0.000080;0.004522;0.002916;0.000236;0.000482;0.000637;0.001655;0.039934;0.091699
0.046939;0.152276;0.000390;0.513323;0.000668;0.003559;0.000416;0.011326;0.009068;0.001060;0.001854;0.002874;0.005650;0.083823;0.166774
0.042797;0.135177;0.000276;0.569622;0.000487;0.002924;0.000302;0.009787;0.007250;0.000791;0.001422;0.002124;0.004414;0.072326;0.150301
0.039684;0.123627;0.000227;0.602713;0.000408;0.002610;0.000253;0.008397;0.006333;0.000675;0.001211;0.001782;0.003890;0.067382;0.140807
0.048586;0.149378;0.000539;0.499520;0.000914;0.004489;0.000578;0.011703;0.009836;0.001413;0.002351;0.003589;0.006966;0.089179;0.170960
0.037928;0.123287;0.000195;0.608770;0.000356;0.002361;0.000217;0.007798;0.005799;0.000593;0.001075;0.001613;0.003561;0.065474;0.140974
0.046513;0.143513;0.000413;0.529367;0.000709;0.003793;0.000448;0.011099;0.008809;0.001125;0.001933;0.002903;0.005797;0.081726;0.161850
0.054581;0.150517;0.001646;0.377489;0.002890;0.009759;0.001747;0.012865;0.013980;0.003922;0.005409;0.009198;0.016379;0.115906;0.223712
0.057140;0.155195;0.002061;0.340694;0.003565;0.011081;0.002156;0.013701;0.015712;0.004736;0.006340;0.011084;0.019137;0.123428;0.233971
0.051267;0.146126;0.001230;0.420598;0.002196;0.008188;0.001328;0.011898;0.012135;0.003051;0.004369;0.007218;0.013355;0.106841;0.210201
0.062491;0.161418;0.003595;0.267930;0.005951;0.015197;0.003648;0.016524;0.020913;0.007513;0.009421;0.017037;0.027157;0.138145;0.243059
0.064075;0.178383;0.003377;0.254666;0.005426;0.013702;0.003364;0.018039;0.022496;0.006886;0.009053;0.016321;0.025143;0.140161;0.238907
0.068224;0.189412;0.006912;0.146844;0.010597;0.019144;0.006524;0.022787;0.033930;0.012537;0.015055;0.029895;0.040192;0.162514;0.235433
0.082165;0.353701;0.000323;0.220473;0.000404;0.001953;0.000254;0.047383;0.032297;0.000617;0.001907;0.003376;0.004272;0.095095;0.155779
0.092449;0.380640;0.000469;0.153605;0.000553;0.002242;0.000353;0.065028;0.048316;0.000793;0.002583;0.004568;0.005108;0.099016;0.144277
0.083716;0.345821;0.000389;0.217414;0.000487;0.002229;0.000308;0.049277;0.034194;0.000734;0.002196;0.003831;0.004810;0.097330;0.157262
0.082037;0.290725;0.000260;0.317519;0.000346;0.001941;0.000219;0.047176;0.026515;0.000544;0.001656;0.002594;0.003640;0.080396;0.144433
0.078187;0.344522;0.000094;0.302198;0.000118;0.000881;0.000073;0.046282;0.023374;0.000202;0.000791;0.001326;0.001835;0.070895;0.129223
0.065433;0.279117;0.000126;0.381329;0.000180;0.001246;0.000108;0.027918;0.015931;0.000303;0.000919;0.001550;0.002449;0.075434;0.147955
0.067112;0.217394;0.000159;0.464512;0.000235;0.001653;0.000145;0.031046;0.015134;0.000385;0.001112;0.001607;0.002676;0.065935;0.130897
0.071352;0.295296;0.000204;0.330310;0.000279;0.001660;0.000171;0.033239;0.020312;0.000455;0.001317;0.002237;0.003318;0.083876;0.155975
0.104055;0.379661;0.000457;0.128010;0.000507;0.002041;0.000334;0.093141;0.063884;0.000727;0.002668;0.004461;0.004643;0.090434;0.124977
0.058876;0.199489;0.000134;0.500567;0.000210;0.001521;0.000125;0.022913;0.011728;0.000346;0.000953;0.001418;0.002503;0.064507;0.134711
0.076708;0.320852;0.000176;0.301389;0.000231;0.001410;0.000143;0.040918;0.023841;0.000377;0.001226;0.002062;0.002900;0.081274;0.146493
0.088860;0.352251;0.000248;0.230092;0.000303;0.001604;0.000194;0.059652;0.035634;0.000472;0.001650;0.002722;0.003397;0.083915;0.139005
0.086604;0.367998;0.000319;0.197009;0.000392;0.001842;0.000246;0.054877;0.037205;0.000590;0.001937;0.003408;0.004136;0.093444;0.149992
0.095786;0.376283;0.001479;0.074252;0.001682;0.004106;0.001050;0.074036;0.080606;0.002096;0.005732;0.011151;0.010494;0.125004;0.136243
0.090388;0.331004;0.000412;0.226578;0.000513;0.002349;0.000332;0.058556;0.037778;0.000772;0.002361;0.003856;0.004780;0.090786;0.149536
0.084312;0.328242;0.000319;0.252395;0.000404;0.002029;0.000258;0.049841;0.031456;0.000626;0.001912;0.003177;0.004154;0.089336;0.151538
0.079108;0.328013;0.000367;0.246237;0.000480;0.002266;0.000298;0.042178;0.029493;0.000729;0.002068;0.003646;0.004811;0.096503;0.163803
0.082293;0.361591;0.000347;0.205450;0.000433;0.002007;0.000270;0.047811;0.033748;0.000651;0.002007;0.003623;0.004500;0.097871;0.157398
0.085780;0.352622;0.000760;0.169320;0.000926;0.003326;0.000591;0.051045;0.042016;0.001286;0.003467;0.006314;0.007377;0.112630;0.162541
0.085583;0.362801;0.000650;0.166087;0.000797;0.002945;0.000500;0.051772;0.042127;0.001109;0.003118;0.005762;0.006669;0.109535;0.160545
