0.215238;0.011700;0.001359;0.005376;0.186714;0.005764;0.001447;0.001105;0.005113;0.033230;0.001157;0.218474;0.266611;0.037476;0.009235
0.487890;0.090053;0.002564;0.031879;0.026481;0.003860;0.002493;0.002361;0.008450;0.018386;0.002027;0.032387;0.078505;0.165290;0.047373
0.647962;0.117430;0.000845;0.027770;0.005231;0.001270;0.000914;0.001046;0.008521;0.004350;0.000696;0.017411;0.015281;0.144800;0.006475
0.044015;0.003306;0.001094;0.002725;0.165237;0.004405;0.001328;0.000969;0.002192;0.011864;0.000875;0.336931;0.414216;0.007235;0.003608
0.130997;0.001262;0.000417;0.001900;0.340292;0.007833;0.000445;0.000396;0.000615;0.005101;0.000284;0.112856;0.392999;0.002478;0.002125
0.328238;0.218786;0.002912;0.016864;0.023340;0.003375;0.002817;0.002784;0.029347;0.011012;0.002458;0.066919;0.087331;0.192553;0.011263
0.803293;0.000236;0.000293;0.000114;0.003676;0.155649;0.000509;0.005073;0.001460;0.019587;0.002384;0.001782;0.003365;0.001246;0.001334
0.885064;0.000492;0.000505;0.000137;0.005137;0.030529;0.000711;0.000929;0.005349;0.005780;0.007269;0.045310;0.010678;0.001438;0.000672
0.735133;0.001602;0.000880;0.000579;0.003755;0.011353;0.001154;0.007733;0.169283;0.032006;0.018801;0.008111;0.003825;0.004089;0.001697
0.709110;0.000380;0.001310;0.000275;0.026618;0.189277;0.002623;0.013116;0.000729;0.015953;0.009998;0.006658;0.020806;0.000948;0.002199
0.320884;0.000889;0.015948;0.000673;0.083357;0.333550;0.027970;0.013243;0.001401;0.029604;0.042215;0.033865;0.083311;0.001658;0.011432
0.288416;0.000345;0.003366;0.000418;0.161903;0.417733;0.006705;0.003620;0.000390;0.007653;0.002779;0.025029;0.079553;0.000471;0.001620
0.000432;0.005645;0.905583;0.001087;0.001305;0.000463;0.017208;0.027991;0.000900;0.000698;0.021522;0.009559;0.004670;0.000661;0.002275
0.002676;0.042584;0.190759;0.004021;0.006623;0.002750;0.023219;0.511366;0.013166;0.003107;0.130734;0.045342;0.015244;0.003459;0.004951
0.012339;0.021827;0.075012;0.007706;0.026425;0.008147;0.075763;0.308510;0.008357;0.007569;0.190385;0.176910;0.063377;0.007158;0.010517
0.001194;0.023979;0.132935;0.003886;0.002981;0.001111;0.008419;0.735595;0.003546;0.001190;0.056110;0.013085;0.010969;0.002170;0.002830
0.013229;0.042787;0.037941;0.006024;0.012546;0.003662;0.020838;0.280133;0.010447;0.003706;0.485049;0.037140;0.033108;0.005785;0.007607
0.012697;0.019371;0.017158;0.002642;0.008884;0.002576;0.037146;0.073446;0.011236;0.002253;0.465812;0.290119;0.048253;0.002812;0.005593
0.343362;0.048135;0.004188;0.047673;0.037849;0.006119;0.004056;0.003493;0.010400;0.019337;0.003374;0.024144;0.067245;0.186108;0.194516
0.539396;0.014638;0.002866;0.030047;0.051110;0.010279;0.002890;0.002867;0.005956;0.022870;0.002300;0.043785;0.139524;0.073294;0.058177
0.506701;0.024583;0.002237;0.017639;0.049276;0.005902;0.002294;0.002259;0.005940;0.051750;0.001789;0.019926;0.073324;0.153435;0.082944
0.521490;0.082231;0.002485;0.035071;0.016325;0.003802;0.002452;0.002618;0.010366;0.010449;0.002003;0.034156;0.049986;0.162413;0.064154
0.282303;0.044605;0.002255;0.144313;0.005803;0.005473;0.002297;0.005312;0.011820;0.015166;0.001924;0.003606;0.006012;0.043498;0.425614
0.166294;0.021732;0.003255;0.010430;0.147876;0.005296;0.003455;0.002780;0.010872;0.024846;0.002742;0.130040;0.366227;0.073967;0.030187
0.732667;0.007118;0.000593;0.001718;0.039095;0.004973;0.000683;0.000914;0.022726;0.036633;0.000880;0.055773;0.052045;0.040314;0.003867
0.877771;0.003202;0.000194;0.001178;0.012195;0.003474;0.000193;0.000521;0.007197;0.036173;0.000208;0.007730;0.018755;0.029039;0.002170
0.223233;0.095602;0.003290;0.004854;0.015731;0.004911;0.003149;0.003984;0.358496;0.035531;0.005118;0.023580;0.023986;0.186499;0.012035
0.636587;0.011211;0.001676;0.002064;0.014152;0.006347;0.002096;0.002085;0.118162;0.013276;0.003918;0.126423;0.033700;0.025177;0.003126
0.885094;0.006193;0.000161;0.001891;0.005572;0.002477;0.000169;0.000369;0.006896;0.015250;0.000156;0.006682;0.013017;0.053855;0.002217
0.373667;0.008164;0.000879;0.002356;0.075132;0.005721;0.001048;0.000860;0.011967;0.050953;0.001165;0.300437;0.131418;0.031444;0.004788
0.186180;0.032651;0.002235;0.097526;0.007918;0.003536;0.002270;0.002412;0.006280;0.032943;0.001675;0.005394;0.013577;0.183010;0.422393
0.136034;0.058585;0.002500;0.149325;0.008413;0.003538;0.002569;0.003336;0.010785;0.013668;0.001921;0.006597;0.013789;0.420221;0.168720
0.013198;0.014274;0.000429;0.016309;0.002133;0.000492;0.000352;0.001058;0.004657;0.009070;0.000265;0.000841;0.005112;0.249142;0.682668
0.395213;0.067946;0.002234;0.065990;0.014220;0.003749;0.002244;0.002380;0.008039;0.019430;0.001703;0.013188;0.028911;0.253359;0.121393
0.509101;0.015330;0.003119;0.015358;0.042178;0.005026;0.003178;0.002239;0.005347;0.020647;0.002558;0.077066;0.188842;0.089640;0.020371
0.345470;0.024945;0.002715;0.054902;0.038973;0.013058;0.002745;0.003255;0.006280;0.055361;0.002096;0.010633;0.046269;0.080279;0.313020
0.048936;0.000640;0.017943;0.000839;0.459508;0.252715;0.068110;0.011098;0.000705;0.020895;0.004365;0.012242;0.095745;0.000719;0.005541
0.219041;0.000738;0.007509;0.000885;0.227505;0.428249;0.015174;0.008026;0.000824;0.016419;0.003428;0.004761;0.062134;0.001071;0.004236
0.853413;0.001131;0.001038;0.000336;0.024129;0.030930;0.000697;0.004269;0.005556;0.011560;0.008771;0.029270;0.024284;0.001981;0.002635
0.411925;0.002123;0.006985;0.001292;0.186574;0.041934;0.014786;0.063977;0.004229;0.017240;0.050591;0.083373;0.102392;0.002375;0.010205
0.382844;0.003287;0.008424;0.002557;0.191054;0.066548;0.024300;0.067094;0.003922;0.007499;0.083631;0.046049;0.099272;0.003418;0.010101
0.384736;0.004162;0.000474;0.002216;0.178651;0.006451;0.000483;0.000860;0.003381;0.011801;0.000434;0.167487;0.218684;0.015052;0.005126
0.307778;0.014944;0.003773;0.001734;0.101301;0.006677;0.003902;0.031346;0.066290;0.027042;0.039630;0.210449;0.170512;0.006853;0.007768
0.685343;0.012026;0.001883;0.001480;0.042812;0.003685;0.001770;0.014828;0.036152;0.006026;0.042111;0.061644;0.080234;0.006297;0.003708
0.202938;0.093137;0.002023;0.014974;0.030058;0.002295;0.001668;0.003782;0.020325;0.007367;0.002030;0.014893;0.087271;0.480433;0.036805
0.497429;0.012213;0.004681;0.003372;0.045689;0.008765;0.003523;0.107679;0.057770;0.057302;0.074417;0.005713;0.036519;0.038301;0.046627
0.320936;0.005193;0.022755;0.003896;0.071344;0.016671;0.031296;0.056282;0.004654;0.010831;0.200305;0.036472;0.183523;0.006559;0.029282
0.560760;0.005105;0.009903;0.003076;0.086139;0.013792;0.008425;0.020424;0.005564;0.012433;0.047804;0.014460;0.163159;0.021082;0.027875
0.068846;0.038117;0.015447;0.006071;0.046794;0.005898;0.017382;0.044297;0.021940;0.005326;0.167100;0.362949;0.172230;0.010325;0.017279
0.224106;0.064062;0.007985;0.005086;0.055299;0.004635;0.007994;0.058919;0.131457;0.005454;0.106279;0.151752;0.139617;0.022040;0.015317
0.387849;0.019474;0.010744;0.004801;0.054232;0.008038;0.015700;0.063654;0.021857;0.007743;0.156710;0.096300;0.128322;0.010433;0.014143
0.272531;0.012231;0.010404;0.003924;0.042015;0.005522;0.010999;0.142829;0.009595;0.005809;0.373740;0.014007;0.065573;0.007159;0.023662
0.136981;0.015153;0.015061;0.003671;0.041674;0.007115;0.014952;0.098656;0.021751;0.006489;0.504035;0.045740;0.075521;0.004962;0.008239
0.330157;0.009406;0.004708;0.003267;0.096462;0.007616;0.005940;0.033582;0.007848;0.003384;0.075780;0.161835;0.247500;0.004669;0.007846
0.360302;0.061403;0.003607;0.005050;0.044656;0.003080;0.002775;0.023389;0.141039;0.011085;0.019913;0.019461;0.095777;0.177074;0.031390
0.241583;0.014786;0.008661;0.002655;0.043570;0.010560;0.011335;0.189061;0.063139;0.012312;0.301935;0.037601;0.048632;0.005349;0.008824
0.124016;0.016110;0.031091;0.006115;0.050567;0.017666;0.016266;0.096500;0.036511;0.072288;0.174599;0.010280;0.080891;0.132890;0.134208
0.044764;0.011495;0.001672;0.003716;0.006007;0.001495;0.001175;0.025128;0.021740;0.009368;0.005973;0.001107;0.028276;0.807050;0.031036
0.035970;0.020227;0.007202;0.002649;0.139483;0.002098;0.005239;0.017127;0.007963;0.003344;0.024418;0.181743;0.531198;0.007860;0.013481
0.133295;0.013050;0.025723;0.006748;0.059686;0.010600;0.038899;0.133697;0.010335;0.008565;0.315690;0.065502;0.123861;0.009678;0.044671
0.928171;0.000338;0.000311;0.000188;0.008179;0.029126;0.000377;0.002624;0.002105;0.012240;0.003606;0.003346;0.006390;0.001905;0.001095
0.467485;0.002726;0.016241;0.003009;0.061175;0.138283;0.026813;0.034786;0.003278;0.077294;0.035096;0.004763;0.046024;0.016046;0.066982
0.646542;0.001310;0.006980;0.001714;0.034148;0.147309;0.007997;0.025246;0.001801;0.028941;0.026285;0.001980;0.028112;0.011564;0.030072
0.387518;0.003807;0.025990;0.003635;0.067466;0.093860;0.040550;0.068112;0.004723;0.038347;0.088870;0.008170;0.062226;0.019045;0.087682
0.645178;0.001558;0.006369;0.002147;0.062440;0.136008;0.016199;0.039772;0.001814;0.005442;0.021902;0.003837;0.045189;0.003222;0.008920
0.418812;0.014320;0.005513;0.006492;0.017250;0.018620;0.004768;0.077040;0.067296;0.101609;0.012775;0.006279;0.021693;0.127905;0.099627
0.714354;0.001010;0.000876;0.000696;0.070113;0.034690;0.000907;0.002833;0.002738;0.025396;0.001319;0.059237;0.078876;0.002978;0.003977
0.207051;0.001249;0.001870;0.000787;0.092323;0.108265;0.005110;0.003293;0.002321;0.006480;0.005095;0.402740;0.160115;0.001204;0.002096
0.750707;0.001711;0.000475;0.000408;0.028184;0.024655;0.000569;0.002002;0.008990;0.006638;0.002778;0.138713;0.031324;0.001915;0.000932
0.864437;0.007751;0.000385;0.005491;0.012571;0.002106;0.000381;0.000972;0.002525;0.009591;0.000378;0.001555;0.011419;0.052190;0.028247
0.524684;0.001312;0.000650;0.001101;0.139834;0.011873;0.000557;0.002241;0.002219;0.027775;0.000661;0.102490;0.167816;0.009644;0.007142
0.238611;0.006720;0.009126;0.002720;0.062643;0.039201;0.016944;0.015176;0.016358;0.009118;0.119252;0.289426;0.158071;0.006714;0.009918
0.612792;0.001408;0.000491;0.000424;0.013708;0.022245;0.000546;0.000766;0.021834;0.010763;0.001148;0.277889;0.032831;0.002381;0.000772
0.615761;0.001387;0.001219;0.000408;0.023003;0.053387;0.001031;0.001817;0.009557;0.023549;0.003453;0.205730;0.055772;0.002442;0.001485
0.115253;0.001237;0.000340;0.000491;0.005079;0.009027;0.000672;0.000496;0.014955;0.002586;0.000978;0.796654;0.049473;0.002344;0.000417
0.838229;0.000557;0.000590;0.000159;0.005231;0.078008;0.000490;0.001648;0.011876;0.023758;0.002231;0.028170;0.007230;0.001202;0.000621
0.498883;0.001707;0.001025;0.000580;0.026509;0.043263;0.001042;0.001037;0.013782;0.033824;0.001354;0.308230;0.063267;0.003825;0.001674
0.291247;0.002038;0.000617;0.000713;0.020593;0.011330;0.000728;0.000930;0.026666;0.030579;0.000861;0.555900;0.053491;0.003167;0.001141
0.476809;0.000916;0.001213;0.000403;0.029942;0.091476;0.001552;0.001284;0.003654;0.014665;0.002323;0.302357;0.070488;0.001393;0.001526
0.701122;0.000388;0.000534;0.000193;0.019348;0.172168;0.000590;0.001232;0.001262;0.015690;0.001432;0.063352;0.021563;0.000453;0.000670
0.535165;0.000749;0.000962;0.000454;0.032631;0.123872;0.001107;0.002005;0.003352;0.022381;0.001636;0.206432;0.066528;0.001326;0.001399
0.345262;0.001196;0.001999;0.000703;0.031799;0.147915;0.003615;0.002109;0.003734;0.027805;0.003488;0.372605;0.054896;0.001307;0.001569
0.341492;0.001100;0.005947;0.000703;0.033128;0.266696;0.005744;0.006859;0.010385;0.218972;0.007501;0.061026;0.033607;0.001840;0.005000
0.616848;0.000401;0.000282;0.000275;0.015622;0.036512;0.000332;0.000684;0.002324;0.009101;0.000470;0.288204;0.027854;0.000630;0.000462
0.104112;0.000545;0.003473;0.000657;0.144596;0.698408;0.005253;0.003595;0.000643;0.009633;0.001466;0.001315;0.022957;0.000682;0.002665
0.063322;0.000165;0.007002;0.000197;0.037667;0.810432;0.010473;0.005081;0.000193;0.045892;0.001255;0.000846;0.013515;0.000278;0.003683
0.270277;0.000255;0.007743;0.000253;0.046702;0.559594;0.009766;0.008955;0.000487;0.041453;0.005416;0.003864;0.042376;0.000510;0.002349
0.224757;0.000053;0.000414;0.000068;0.022623;0.732653;0.000606;0.001716;0.000054;0.009302;0.000224;0.000656;0.006455;0.000075;0.000344
0.560888;0.000068;0.000242;0.000054;0.003068;0.412994;0.000394;0.001755;0.000138;0.015098;0.000584;0.000435;0.003299;0.000309;0.000673
0.167277;0.000074;0.001637;0.000073;0.018143;0.777356;0.002079;0.001041;0.000085;0.013269;0.000489;0.002758;0.014850;0.000176;0.000693
0.771258;0.000453;0.000496;0.000115;0.010275;0.159116;0.000438;0.000702;0.001986;0.031129;0.000833;0.011537;0.009741;0.001485;0.000436
0.467262;0.001147;0.001844;0.000378;0.010118;0.033186;0.004552;0.001685;0.015748;0.028373;0.009487;0.371992;0.050101;0.002587;0.001540
0.731511;0.000245;0.000721;0.000155;0.012742;0.127892;0.000727;0.001673;0.002015;0.038972;0.001125;0.068461;0.012910;0.000332;0.000518
0.493969;0.000954;0.002857;0.000456;0.014621;0.224863;0.003733;0.003314;0.013402;0.060804;0.005953;0.139083;0.032277;0.001753;0.001961
0.860629;0.000888;0.000338;0.000331;0.016400;0.017826;0.000364;0.000858;0.009770;0.021503;0.000627;0.050763;0.016742;0.001933;0.001027
0.587597;0.001948;0.001845;0.001055;0.046411;0.050788;0.001791;0.001634;0.008992;0.106702;0.002094;0.117994;0.061127;0.005690;0.004332
0.806025;0.001746;0.000564;0.000700;0.013640;0.014380;0.000673;0.000935;0.020670;0.036512;0.001051;0.061974;0.027266;0.011599;0.002266
0.648300;0.000396;0.001262;0.000313;0.015496;0.073525;0.001751;0.002364;0.003473;0.043376;0.002155;0.171744;0.033461;0.001034;0.001351
0.458748;0.000605;0.001917;0.000462;0.022448;0.164941;0.001583;0.009602;0.003558;0.297182;0.002400;0.009585;0.020635;0.001453;0.004880
0.336199;0.002724;0.006222;0.001463;0.022433;0.122605;0.005705;0.014549;0.030863;0.377060;0.028600;0.007415;0.024263;0.010402;0.009498
0.637277;0.000990;0.002332;0.000557;0.027932;0.077422;0.001667;0.004158;0.012179;0.132903;0.004742;0.061319;0.030659;0.002121;0.003743
0.640409;0.001261;0.001049;0.000398;0.016359;0.064960;0.001098;0.001652;0.013578;0.033171;0.003904;0.186450;0.031214;0.002196;0.002300
0.000919;0.432413;0.000065;0.421397;0.000149;0.000139;0.000073;0.001211;0.004795;0.001264;0.000056;0.000275;0.000466;0.076722;0.060056
0.002188;0.461001;0.000893;0.231153;0.001307;0.000836;0.000853;0.002418;0.006437;0.003772;0.000741;0.001323;0.002509;0.222748;0.061823
0.000809;0.475891;0.000471;0.313297;0.000558;0.000416;0.000418;0.001179;0.003964;0.001847;0.000381;0.000503;0.000650;0.154648;0.044969
0.000585;0.441803;0.000146;0.485096;0.000225;0.000198;0.000139;0.001094;0.005141;0.001125;0.000136;0.000201;0.000306;0.033324;0.030481
0.001597;0.275247;0.000182;0.614824;0.000291;0.000257;0.000176;0.000561;0.003712;0.001734;0.000166;0.000258;0.000360;0.033821;0.066813
0.000650;0.474551;0.000146;0.464427;0.000226;0.000156;0.000142;0.000591;0.002765;0.000922;0.000139;0.000205;0.000282;0.046817;0.007981
0.000350;0.522992;0.000091;0.422702;0.000126;0.000097;0.000088;0.000228;0.002406;0.000470;0.000083;0.000140;0.000191;0.047118;0.002917
0.000204;0.479540;0.000019;0.373176;0.000028;0.000012;0.000015;0.000030;0.001446;0.000131;0.000005;0.000053;0.000118;0.144553;0.000669
0.001109;0.412525;0.000176;0.512860;0.000262;0.000231;0.000162;0.000856;0.006209;0.000770;0.000177;0.000219;0.000284;0.022064;0.042095
0.000373;0.460351;0.000104;0.488973;0.000159;0.000114;0.000101;0.000516;0.002476;0.000820;0.000103;0.000140;0.000194;0.030039;0.015536
0.000722;0.547957;0.000150;0.401279;0.000224;0.000162;0.000137;0.000404;0.004789;0.000677;0.000153;0.000196;0.000262;0.031001;0.011889
0.001851;0.030103;0.000033;0.911071;0.000047;0.000116;0.000034;0.000214;0.001434;0.000863;0.000031;0.000051;0.000057;0.039266;0.014828
0.000640;0.932340;0.000142;0.011550;0.000526;0.000071;0.000143;0.000679;0.015045;0.000409;0.000095;0.001034;0.001611;0.023953;0.011762
0.001573;0.912605;0.000295;0.005471;0.001704;0.000187;0.000273;0.000722;0.031051;0.001969;0.000190;0.004576;0.003822;0.013877;0.021685
0.001228;0.922558;0.000106;0.007015;0.001051;0.000055;0.000121;0.000334;0.012474;0.001002;0.000057;0.003167;0.003465;0.042938;0.004428
0.011821;0.790976;0.000684;0.016335;0.002351;0.000473;0.000496;0.003154;0.040502;0.004554;0.000576;0.002433;0.007028;0.088345;0.030273
0.038116;0.440531;0.001945;0.083217;0.007609;0.002211;0.001804;0.004344;0.013829;0.012055;0.001493;0.006151;0.014622;0.141180;0.230893
0.019744;0.705859;0.000729;0.023328;0.005584;0.000804;0.000663;0.002468;0.029403;0.010213;0.000512;0.004718;0.011563;0.135822;0.048589
0.000008;0.978891;0.000012;0.000313;0.000025;0.000001;0.000010;0.000161;0.018429;0.000012;0.000014;0.000230;0.000080;0.001782;0.000033
0.000494;0.912867;0.000406;0.001766;0.000450;0.000216;0.000224;0.001286;0.061374;0.001171;0.000302;0.000571;0.000727;0.016856;0.001292
0.001401;0.918710;0.000127;0.014211;0.000356;0.000112;0.000108;0.000875;0.018732;0.000828;0.000111;0.000327;0.000707;0.037069;0.006326
0.014057;0.647706;0.001200;0.059506;0.002522;0.001179;0.001028;0.002471;0.029617;0.004285;0.001104;0.002449;0.003905;0.178922;0.050049
0.000255;0.966887;0.000048;0.006651;0.000086;0.000029;0.000034;0.000270;0.010741;0.000548;0.000033;0.000098;0.000180;0.012900;0.001240
0.040812;0.635921;0.001114;0.045884;0.003342;0.000928;0.000930;0.001016;0.020473;0.006001;0.000893;0.002715;0.004423;0.223790;0.011759
0.017777;0.739347;0.000488;0.063404;0.001370;0.000447;0.000434;0.000686;0.015983;0.001889;0.000432;0.001913;0.002777;0.149434;0.003619
0.002228;0.946293;0.000148;0.004776;0.000488;0.000095;0.000114;0.000764;0.031851;0.000525;0.000161;0.000385;0.000644;0.010317;0.001211
0.000003;0.996607;0.000009;0.000661;0.000016;0.000000;0.000003;0.000237;0.001878;0.000007;0.000003;0.000012;0.000036;0.000476;0.000051
0.000023;0.985377;0.000026;0.001212;0.000057;0.000010;0.000017;0.004833;0.006410;0.000029;0.000024;0.000042;0.000097;0.001444;0.000398
0.000170;0.940264;0.000152;0.001549;0.000230;0.000075;0.000100;0.021731;0.028361;0.000148;0.000187;0.000261;0.000375;0.005465;0.000932
0.000113;0.951903;0.000084;0.001484;0.000268;0.000035;0.000057;0.007418;0.030861;0.000096;0.000096;0.000417;0.000798;0.005290;0.001079
0.013726;0.876119;0.000349;0.013575;0.001188;0.000363;0.000307;0.001157;0.043121;0.001408;0.000334;0.001420;0.002025;0.041927;0.002982
0.000706;0.907976;0.000254;0.003655;0.000897;0.000139;0.000166;0.015459;0.048339;0.000608;0.000271;0.000483;0.002072;0.011119;0.007855
0.000781;0.883254;0.000742;0.008395;0.001170;0.000343;0.000431;0.030477;0.035858;0.000902;0.000720;0.000707;0.001713;0.019741;0.014765
0.005362;0.743724;0.000497;0.157567;0.001051;0.000532;0.000447;0.001198;0.013418;0.001386;0.000470;0.001069;0.002045;0.058010;0.013223
0.004724;0.940924;0.000137;0.010886;0.000406;0.000112;0.000121;0.000222;0.020211;0.001043;0.000122;0.000553;0.000748;0.018454;0.001338
0.011896;0.787498;0.000731;0.006724;0.001781;0.000608;0.000566;0.001436;0.069565;0.003989;0.000755;0.001927;0.002560;0.106717;0.003246
0.004154;0.725866;0.000590;0.093947;0.000911;0.000729;0.000562;0.002649;0.033285;0.002421;0.000566;0.000788;0.001087;0.055734;0.076711
0.025406;0.511156;0.001004;0.080650;0.002463;0.000989;0.000874;0.002586;0.019849;0.006637;0.000855;0.002279;0.003996;0.284533;0.056721
0.015393;0.273184;0.003721;0.043795;0.005778;0.003426;0.002793;0.008212;0.052960;0.011618;0.003404;0.004661;0.007082;0.283095;0.280880
0.000143;0.963398;0.000055;0.014046;0.000065;0.000021;0.000032;0.000307;0.003924;0.000382;0.000024;0.000083;0.000111;0.015508;0.001902
0.001345;0.724622;0.000765;0.071419;0.000983;0.000642;0.000582;0.002567;0.010468;0.002217;0.000690;0.000821;0.001021;0.077897;0.103963
0.000499;0.911431;0.000109;0.030093;0.000212;0.000055;0.000078;0.000289;0.005323;0.000398;0.000075;0.000276;0.000549;0.046983;0.003629
0.000086;0.964878;0.000019;0.024534;0.000038;0.000014;0.000016;0.000140;0.002926;0.000092;0.000016;0.000040;0.000075;0.005969;0.001155
0.000007;0.995057;0.000015;0.000592;0.000025;0.000001;0.000007;0.000156;0.003000;0.000014;0.000011;0.000035;0.000064;0.000982;0.000034
0.000008;0.996963;0.000016;0.000662;0.000028;0.000001;0.000007;0.000045;0.001443;0.000010;0.000012;0.000034;0.000064;0.000688;0.000021
0.000040;0.988602;0.000028;0.003897;0.000079;0.000004;0.000013;0.000118;0.002859;0.000033;0.000014;0.000068;0.000221;0.003949;0.000077
0.000070;0.958788;0.000038;0.030258;0.000071;0.000022;0.000026;0.000068;0.000690;0.000044;0.000026;0.000067;0.000209;0.009528;0.000095
0.000268;0.889482;0.000115;0.066897;0.000253;0.000069;0.000084;0.000173;0.001739;0.000215;0.000072;0.000230;0.000647;0.039178;0.000578
0.002782;0.436428;0.000408;0.077496;0.001852;0.000222;0.000371;0.001040;0.005827;0.001313;0.000202;0.001901;0.006750;0.454476;0.008932
0.000295;0.977201;0.000018;0.007974;0.000070;0.000013;0.000018;0.000165;0.007737;0.000098;0.000013;0.000147;0.000300;0.005604;0.000343
0.000445;0.883165;0.000104;0.004335;0.000254;0.000026;0.000090;0.000265;0.012185;0.000428;0.000059;0.000865;0.000865;0.095239;0.001674
0.000107;0.938119;0.000087;0.001014;0.000174;0.000018;0.000095;0.000344;0.016104;0.000303;0.000097;0.000595;0.000450;0.042128;0.000365
0.000324;0.932330;0.000092;0.030496;0.000383;0.000043;0.000083;0.000181;0.001816;0.000185;0.000048;0.000488;0.001391;0.031634;0.000506
0.000992;0.896136;0.000100;0.031738;0.000434;0.000060;0.000083;0.000251;0.008577;0.000219;0.000062;0.000582;0.001692;0.056902;0.002171
0.000715;0.770799;0.000048;0.112027;0.000133;0.000043;0.000051;0.000215;0.004986;0.000415;0.000031;0.000170;0.000409;0.108450;0.001508
0.000297;0.860871;0.000027;0.043639;0.000079;0.000016;0.000027;0.000144;0.004464;0.000198;0.000013;0.000120;0.000313;0.089185;0.000607
0.000379;0.942397;0.000089;0.032654;0.000142;0.000090;0.000077;0.000598;0.005532;0.000416;0.000090;0.000123;0.000157;0.008288;0.008968
0.000021;0.992020;0.000035;0.000913;0.000044;0.000002;0.000015;0.000183;0.002868;0.000048;0.000032;0.000042;0.000091;0.003613;0.000074
0.000001;0.992843;0.000025;0.000121;0.000005;0.000000;0.000017;0.000212;0.005820;0.000004;0.000030;0.000054;0.000021;0.000830;0.000019
0.000017;0.988877;0.000010;0.001656;0.000031;0.000004;0.000008;0.000674;0.006536;0.000021;0.000008;0.000031;0.000081;0.001939;0.000108
0.001425;0.457216;0.004742;0.006653;0.004521;0.000962;0.002283;0.013255;0.049497;0.006845;0.001855;0.004499;0.019324;0.328710;0.098215
0.001894;0.094698;0.094715;0.001776;0.004210;0.001789;0.028496;0.020195;0.506237;0.020857;0.129976;0.020322;0.009236;0.036156;0.029443
0.000765;0.455751;0.001069;0.006250;0.001518;0.000437;0.000901;0.005681;0.048367;0.004620;0.000446;0.001417;0.003211;0.356450;0.113116
0.000159;0.959655;0.000057;0.008133;0.000086;0.000042;0.000047;0.000789;0.016578;0.000259;0.000044;0.000103;0.000187;0.011415;0.002447
0.000915;0.684427;0.000233;0.013013;0.000560;0.000083;0.000204;0.000425;0.009367;0.002244;0.000119;0.000712;0.001279;0.281002;0.005416
0.003783;0.550747;0.000567;0.006670;0.003808;0.000245;0.000690;0.001868;0.041391;0.003765;0.000531;0.008304;0.011618;0.340470;0.025543
0.000075;0.826663;0.000191;0.002350;0.000156;0.000020;0.000126;0.000859;0.011554;0.000712;0.000061;0.000192;0.000394;0.152062;0.004585
0.001390;0.481591;0.032956;0.002644;0.001666;0.001112;0.007527;0.076740;0.275659;0.002956;0.025156;0.002852;0.002822;0.073787;0.011143
0.000334;0.730971;0.012436;0.001212;0.000782;0.000247;0.003213;0.012351;0.172226;0.001051;0.009195;0.002597;0.002143;0.048068;0.003173
0.000660;0.677602;0.014409;0.001647;0.001295;0.000484;0.003529;0.038320;0.189896;0.002178;0.004939;0.007600;0.004754;0.044966;0.007721
0.000598;0.608861;0.008374;0.002767;0.002445;0.000437;0.004295;0.008969;0.055056;0.008170;0.001288;0.007051;0.007908;0.246730;0.037051
0.000354;0.826138;0.001165;0.001879;0.001513;0.000157;0.000965;0.004333;0.077045;0.003519;0.000642;0.003098;0.003398;0.063031;0.012762
0.000087;0.896000;0.000107;0.015195;0.000434;0.000011;0.000079;0.000229;0.002633;0.000291;0.000028;0.000288;0.001419;0.080547;0.002650
0.000282;0.933075;0.000031;0.038479;0.000081;0.000026;0.000032;0.000174;0.004760;0.000259;0.000024;0.000102;0.000223;0.020298;0.002153
0.001705;0.516944;0.000369;0.378394;0.000683;0.000393;0.000354;0.001399;0.010895;0.001238;0.000336;0.000615;0.001038;0.056993;0.028644
0.000814;0.920322;0.000099;0.035271;0.000215;0.000081;0.000091;0.000450;0.006334;0.000620;0.000077;0.000244;0.000472;0.027340;0.007571
0.000367;0.919703;0.000128;0.005906;0.000315;0.000063;0.000105;0.000322;0.013150;0.001572;0.000067;0.000251;0.000525;0.046334;0.011192
0.003641;0.814733;0.000591;0.090648;0.000920;0.000651;0.000540;0.002904;0.021742;0.002256;0.000599;0.000817;0.001063;0.026152;0.032744
0.000322;0.955234;0.000110;0.002661;0.000239;0.000071;0.000116;0.000246;0.021277;0.001524;0.000084;0.000546;0.000402;0.015435;0.001732
0.000036;0.987213;0.000021;0.001506;0.000033;0.000006;0.000016;0.000104;0.005252;0.000230;0.000011;0.000047;0.000071;0.005042;0.000412
0.000039;0.980151;0.000039;0.001955;0.000034;0.000011;0.000021;0.000493;0.007777;0.000360;0.000013;0.000047;0.000079;0.008052;0.000929
0.000036;0.919112;0.000075;0.001152;0.000086;0.000011;0.000123;0.000701;0.011067;0.000264;0.000027;0.000416;0.000402;0.065718;0.000811
0.001279;0.457400;0.059839;0.002331;0.001417;0.001079;0.017787;0.036161;0.297583;0.002731;0.045659;0.006434;0.002892;0.059781;0.007628
0.000236;0.673942;0.006427;0.001187;0.000492;0.000144;0.002255;0.009069;0.190652;0.000666;0.004038;0.002363;0.001936;0.104530;0.002063
0.000016;0.958486;0.000177;0.000276;0.000039;0.000009;0.000249;0.000253;0.014767;0.000049;0.000135;0.000247;0.000137;0.025085;0.000073
0.000008;0.963387;0.000204;0.000202;0.000018;0.000005;0.000193;0.000151;0.012248;0.000033;0.000081;0.000147;0.000074;0.023204;0.000046
0.000056;0.802666;0.000337;0.000443;0.000104;0.000031;0.000325;0.000563;0.175965;0.000088;0.000693;0.001972;0.000584;0.015985;0.000187
0.000028;0.791646;0.001239;0.000571;0.000042;0.000012;0.000364;0.001394;0.024351;0.000080;0.000337;0.000062;0.000104;0.179328;0.000442
0.000043;0.920538;0.001733;0.000513;0.000079;0.000029;0.000538;0.002927;0.048346;0.000130;0.000360;0.000263;0.000223;0.023682;0.000596
0.000226;0.886771;0.000751;0.005583;0.000493;0.000185;0.000268;0.065779;0.017809;0.000402;0.000307;0.000413;0.000812;0.015639;0.004562
0.001735;0.277677;0.000268;0.010300;0.000922;0.000067;0.000265;0.000119;0.005753;0.000552;0.000172;0.003021;0.005626;0.691685;0.001838
0.000618;0.718274;0.000110;0.010298;0.000276;0.000021;0.000079;0.000071;0.005165;0.000388;0.000061;0.000527;0.000768;0.262665;0.000679
0.003743;0.566352;0.000293;0.039484;0.001305;0.000137;0.000253;0.000481;0.008964;0.000852;0.000161;0.001623;0.002882;0.366002;0.007469
0.006493;0.208471;0.001083;0.101244;0.004108;0.000745;0.001010;0.001953;0.006865;0.002396;0.000678;0.004180;0.011906;0.624068;0.024801
0.001519;0.898970;0.000151;0.018828;0.000328;0.000081;0.000119;0.000258;0.007529;0.000613;0.000121;0.000525;0.000774;0.066399;0.003785
0.002233;0.877282;0.000114;0.027027;0.000323;0.000088;0.000110;0.000331;0.010318;0.000819;0.000088;0.000585;0.000960;0.076885;0.002839
0.028870;0.002526;0.079944;0.001658;0.078709;0.100701;0.263685;0.089358;0.006545;0.107676;0.140336;0.016303;0.058804;0.003094;0.021792
0.010414;0.002204;0.087888;0.001671;0.062019;0.135259;0.288455;0.018135;0.004741;0.091721;0.033433;0.171502;0.071453;0.002158;0.018946
0.007073;0.001343;0.058975;0.001201;0.071599;0.074913;0.447495;0.014836;0.002118;0.036118;0.032037;0.143845;0.094320;0.001158;0.012971
0.002415;0.001115;0.212900;0.001149;0.031477;0.025242;0.512378;0.031600;0.002284;0.041091;0.037477;0.032669;0.042026;0.001186;0.024990
0.004111;0.002267;0.138032;0.001905;0.099461;0.024286;0.142013;0.007519;0.003456;0.141276;0.010150;0.176589;0.198034;0.003139;0.047762
0.001116;0.001784;0.323265;0.001097;0.004273;0.006661;0.399355;0.082583;0.012391;0.067190;0.044776;0.006207;0.005612;0.002271;0.041417
0.004940;0.001737;0.112005;0.001546;0.062893;0.041752;0.194883;0.006569;0.002968;0.216303;0.009723;0.180351;0.132452;0.002180;0.029698
0.011260;0.001057;0.106942;0.001054;0.077428;0.109101;0.374227;0.012400;0.001420;0.147052;0.019615;0.032231;0.078208;0.001568;0.026437
0.038200;0.001331;0.033320;0.001272;0.047960;0.154842;0.056283;0.024743;0.002952;0.504867;0.013832;0.007327;0.046359;0.005116;0.061595
0.003166;0.001965;0.199586;0.001473;0.018649;0.019334;0.455210;0.017618;0.004072;0.113093;0.058202;0.027926;0.031178;0.002928;0.045600
0.005948;0.000777;0.107223;0.000931;0.050244;0.101576;0.440223;0.018079;0.001477;0.142759;0.024014;0.024865;0.055105;0.001140;0.025640
0.023691;0.000963;0.066444;0.000877;0.177876;0.083614;0.181852;0.010363;0.001419;0.167320;0.017822;0.069965;0.175639;0.001636;0.020518
0.003540;0.001463;0.238632;0.001467;0.013688;0.023630;0.286843;0.234978;0.002455;0.080981;0.046517;0.004176;0.020057;0.002801;0.038771
0.000486;0.000856;0.723102;0.000918;0.001142;0.001104;0.163182;0.042638;0.001084;0.002900;0.027356;0.000831;0.002601;0.002004;0.029795
0.001165;0.001034;0.478069;0.001112;0.002810;0.005652;0.263935;0.138748;0.001924;0.013904;0.035444;0.001377;0.003712;0.002187;0.048927
0.000410;0.000473;0.719725;0.000779;0.000813;0.001115;0.161389;0.074796;0.000654;0.002902;0.012442;0.000509;0.001180;0.001204;0.021609
0.000771;0.000779;0.621697;0.000964;0.001706;0.002881;0.188280;0.105393;0.001199;0.005559;0.027656;0.000926;0.002237;0.001485;0.038469
0.001261;0.001062;0.415804;0.001144;0.004080;0.005138;0.323683;0.133651;0.001503;0.012240;0.045412;0.001799;0.006514;0.002219;0.044491
0.000620;0.000953;0.845728;0.000894;0.001366;0.002842;0.057514;0.033397;0.001464;0.017235;0.008616;0.000561;0.001661;0.006688;0.020460
0.001245;0.001185;0.611628;0.001164;0.002561;0.007306;0.117726;0.172546;0.001881;0.024202;0.017502;0.001038;0.003718;0.008382;0.027915
0.000237;0.000407;0.698252;0.000527;0.000512;0.000851;0.045612;0.197813;0.000619;0.001912;0.030824;0.000234;0.000759;0.002142;0.019298
0.001109;0.001077;0.238218;0.000724;0.002014;0.009290;0.034195;0.534616;0.003462;0.016820;0.092552;0.000661;0.002511;0.009496;0.053255
0.000402;0.000500;0.650187;0.000725;0.001376;0.004079;0.260091;0.033575;0.000826;0.008112;0.012268;0.000555;0.002412;0.001927;0.022966
0.000554;0.001348;0.678238;0.000853;0.001337;0.002141;0.064637;0.155343;0.003743;0.004042;0.044357;0.000631;0.001879;0.008011;0.032885
0.000225;0.000525;0.811381;0.000602;0.000318;0.000388;0.006300;0.130077;0.001497;0.001043;0.009317;0.000198;0.000447;0.012337;0.025344
0.000112;0.000359;0.466312;0.000363;0.000317;0.000469;0.021857;0.457999;0.000930;0.001180;0.027907;0.000123;0.000392;0.002840;0.018838
0.000433;0.000764;0.803491;0.000784;0.000686;0.001047;0.025546;0.088260;0.003004;0.003710;0.017534;0.000377;0.001107;0.013816;0.039440
0.000158;0.000275;0.805560;0.000503;0.000242;0.000281;0.008783;0.157130;0.000594;0.000767;0.003343;0.000141;0.000282;0.001531;0.020410
0.000084;0.000218;0.872556;0.000417;0.000136;0.000186;0.017466;0.091457;0.000829;0.000958;0.003642;0.000085;0.000180;0.001151;0.010637
0.000120;0.000559;0.547639;0.000380;0.000159;0.000244;0.005695;0.402041;0.001978;0.000802;0.010960;0.000095;0.000263;0.008507;0.020559
0.000333;0.001012;0.843329;0.000775;0.000624;0.000659;0.030573;0.054817;0.004342;0.002226;0.015740;0.000397;0.000783;0.004692;0.039699
0.000029;0.000177;0.382606;0.000197;0.000064;0.000084;0.007800;0.591089;0.000419;0.000239;0.007954;0.000031;0.000067;0.000536;0.008708
0.000303;0.000385;0.411305;0.000488;0.000601;0.001593;0.028494;0.482628;0.000752;0.002242;0.040649;0.000241;0.000993;0.003450;0.025876
0.000256;0.000680;0.848868;0.000672;0.000502;0.000530;0.029829;0.080773;0.001533;0.001103;0.012223;0.000235;0.000643;0.003694;0.018458
0.000356;0.000704;0.733927;0.000942;0.001010;0.001194;0.031078;0.152449;0.001943;0.006120;0.006721;0.000460;0.001925;0.004790;0.056380
0.000436;0.001033;0.620484;0.000715;0.001263;0.002908;0.047993;0.235438;0.003048;0.008148;0.029970;0.000513;0.002141;0.006155;0.039756
0.000878;0.002619;0.540775;0.001079;0.002081;0.002286;0.141714;0.071090;0.012648;0.007578;0.162485;0.001995;0.003951;0.004020;0.044801
0.000741;0.001513;0.442900;0.000913;0.002873;0.004610;0.368480;0.054559;0.004019;0.056689;0.026189;0.002513;0.004581;0.002674;0.026745
0.002650;0.012624;0.303737;0.001953;0.006098;0.004386;0.143947;0.091059;0.081144;0.040280;0.229541;0.013090;0.011528;0.010791;0.047173
0.001568;0.008531;0.543037;0.001671;0.002790;0.002159;0.100639;0.124031;0.018691;0.009256;0.134811;0.003836;0.005362;0.008263;0.035356
0.000535;0.000980;0.348073;0.000726;0.001224;0.003693;0.445437;0.096886;0.004454;0.014745;0.059859;0.001422;0.001818;0.002003;0.018144
0.001068;0.001541;0.323694;0.001103;0.003120;0.004864;0.483885;0.073955;0.003635;0.010160;0.061137;0.002772;0.004208;0.002137;0.022721
0.002829;0.026360;0.308232;0.002131;0.007197;0.002973;0.089089;0.132250;0.183803;0.035488;0.082090;0.039484;0.023910;0.013663;0.050499
0.004362;0.010970;0.104261;0.001613;0.013034;0.004081;0.216016;0.014755;0.041314;0.032597;0.264767;0.217772;0.049407;0.005168;0.019882
0.001568;0.014803;0.476055;0.001785;0.002786;0.002058;0.139120;0.083007;0.055842;0.008166;0.166483;0.006846;0.004671;0.007394;0.029415
0.000311;0.005355;0.621115;0.000834;0.000568;0.000561;0.278519;0.031094;0.012397;0.003295;0.023611;0.003437;0.001122;0.002406;0.015376
0.001371;0.011991;0.494023;0.001495;0.002308;0.001883;0.074179;0.139405;0.050134;0.005655;0.170379;0.003792;0.003474;0.006903;0.033007
0.001686;0.002118;0.263793;0.000992;0.005302;0.012034;0.517245;0.033364;0.006332;0.033917;0.067010;0.016041;0.007319;0.002527;0.030323
0.001481;0.011288;0.546277;0.001667;0.004374;0.003308;0.074875;0.082197;0.077376;0.033801;0.083309;0.004061;0.009427;0.017676;0.048884
0.001252;0.020359;0.546315;0.002083;0.002830;0.001786;0.049109;0.037959;0.114709;0.031225;0.036972;0.002974;0.007709;0.054502;0.090217
0.003150;0.043660;0.164483;0.002188;0.012094;0.003403;0.022666;0.177907;0.300845;0.034828;0.124095;0.004794;0.019236;0.032422;0.054230
0.000937;0.013732;0.708508;0.001503;0.001349;0.001100;0.035358;0.051589;0.072512;0.010158;0.048486;0.001414;0.002897;0.018534;0.031924
0.002091;0.004741;0.305890;0.001385;0.008740;0.009951;0.221332;0.086503;0.040468;0.115810;0.138167;0.010084;0.020404;0.006281;0.028153
0.000855;0.006191;0.583622;0.001264;0.001593;0.001520;0.094518;0.109478;0.042928;0.017292;0.060156;0.002206;0.002551;0.011659;0.064166
0.001164;0.006248;0.377413;0.001219;0.003391;0.003002;0.312463;0.063034;0.028503;0.023311;0.128213;0.011183;0.007522;0.005404;0.027931
0.001155;0.003067;0.268212;0.000822;0.006500;0.005691;0.174622;0.148802;0.025650;0.021415;0.295185;0.009230;0.014263;0.002632;0.022753
0.003720;0.003687;0.338537;0.001665;0.021424;0.019023;0.212623;0.110793;0.014604;0.069857;0.101455;0.007956;0.033593;0.005408;0.055656
0.003110;0.011449;0.256390;0.001898;0.009223;0.004724;0.111903;0.050236;0.073389;0.023739;0.351403;0.022998;0.024440;0.010617;0.044480
0.012424;0.005749;0.097243;0.001654;0.103400;0.022841;0.155671;0.032313;0.016034;0.042630;0.109851;0.217386;0.155313;0.003647;0.023845
0.000985;0.002187;0.426676;0.001239;0.004559;0.003810;0.284037;0.077008;0.009499;0.020159;0.063785;0.011219;0.009897;0.002885;0.082055
0.001292;0.007352;0.474638;0.001568;0.002714;0.002454;0.066604;0.118435;0.063169;0.036878;0.066712;0.002722;0.006729;0.029520;0.119213
0.000668;0.002933;0.267049;0.000852;0.001749;0.002104;0.025298;0.520886;0.013661;0.011163;0.084369;0.000766;0.003385;0.009639;0.055477
0.001716;0.014837;0.397660;0.001501;0.005211;0.003074;0.062674;0.106785;0.131665;0.021320;0.187396;0.007627;0.012840;0.009961;0.035735
0.000606;0.007685;0.751006;0.001112;0.000845;0.000815;0.056373;0.035476;0.047837;0.006395;0.048047;0.001098;0.001506;0.015254;0.025946
0.000715;0.002960;0.487490;0.000862;0.001449;0.002031;0.047120;0.280955;0.033728;0.022984;0.081163;0.001042;0.001933;0.004451;0.031119
0.001287;0.002398;0.236886;0.000729;0.005379;0.008054;0.116868;0.277567;0.017091;0.031647;0.253637;0.003967;0.008729;0.003234;0.032526
0.000256;0.000615;0.773575;0.000853;0.000548;0.000554;0.141206;0.047078;0.001366;0.004078;0.004270;0.000598;0.000800;0.000984;0.023219
0.000381;0.000779;0.818392;0.000655;0.000659;0.000664;0.072772;0.084909;0.001160;0.001817;0.005273;0.000461;0.000696;0.000815;0.010566
0.000461;0.001007;0.824911;0.000769;0.000805;0.000751;0.083135;0.051215;0.001855;0.002222;0.013407;0.000627;0.000967;0.001160;0.016708
0.000515;0.002200;0.814946;0.000988;0.001067;0.000784;0.104886;0.042031;0.002443;0.001634;0.012673;0.001271;0.001485;0.001364;0.011711
0.000127;0.005655;0.561689;0.000521;0.000201;0.000146;0.009464;0.364982;0.007752;0.000491;0.035238;0.000295;0.000389;0.002177;0.010872
0.000326;0.002289;0.749911;0.000758;0.000511;0.000431;0.061505;0.134682;0.008378;0.001424;0.017603;0.000597;0.000679;0.002135;0.018771
0.002520;0.007381;0.120188;0.001209;0.008021;0.006312;0.086381;0.200602;0.067185;0.025795;0.415711;0.008239;0.010660;0.006624;0.033171
0.000724;0.003869;0.046969;0.000500;0.001090;0.001385;0.017486;0.370322;0.041435;0.007024;0.484833;0.000939;0.001934;0.005608;0.015882
0.001799;0.011215;0.081035;0.000924;0.003977;0.001891;0.034135;0.081629;0.081982;0.007827;0.646268;0.013928;0.008831;0.004831;0.019730
0.005577;0.042593;0.103050;0.002367;0.031710;0.002881;0.021874;0.080992;0.336725;0.025181;0.104320;0.044067;0.091478;0.027185;0.080001
0.003471;0.193487;0.011752;0.006208;0.010711;0.002388;0.005999;0.028890;0.151330;0.019413;0.003953;0.019091;0.035974;0.332664;0.174669
0.001553;0.037547;0.283700;0.001970;0.004677;0.001529;0.029283;0.070310;0.315166;0.021857;0.131758;0.005810;0.014186;0.028602;0.052053
0.006601;0.050158;0.096827;0.003994;0.054238;0.004306;0.030498;0.053269;0.215572;0.034878;0.043927;0.109721;0.172909;0.039091;0.084011
0.001029;0.124665;0.016837;0.002599;0.003701;0.000790;0.004512;0.022309;0.078746;0.013510;0.001790;0.003140;0.009929;0.258392;0.458051
0.002003;0.018415;0.333017;0.001700;0.007489;0.002736;0.049075;0.158274;0.161586;0.024891;0.108785;0.007684;0.015994;0.021949;0.086401
0.002319;0.072807;0.242911;0.003446;0.004670;0.002075;0.024248;0.084575;0.201863;0.010250;0.038463;0.006058;0.011851;0.091479;0.202983
0.007046;0.060264;0.113187;0.005184;0.041325;0.004230;0.027318;0.055731;0.093123;0.035668;0.022944;0.104578;0.171599;0.061417;0.196386
0.031717;0.024773;0.013892;0.003005;0.154412;0.004313;0.007439;0.008731;0.089189;0.068526;0.009311;0.191349;0.240279;0.067089;0.085975
0.000835;0.093024;0.338495;0.001615;0.001341;0.000941;0.049926;0.030778;0.351897;0.004090;0.083658;0.006175;0.002457;0.018215;0.016554
0.002213;0.035191;0.212482;0.001936;0.009726;0.003489;0.075589;0.054071;0.337530;0.036104;0.120543;0.043704;0.018054;0.010889;0.038480
0.001045;0.182904;0.174587;0.002769;0.003321;0.000977;0.015206;0.024908;0.110985;0.006943;0.010004;0.006493;0.009603;0.192806;0.257449
0.001035;0.023279;0.300412;0.001409;0.002658;0.001470;0.042711;0.080456;0.291173;0.010056;0.151445;0.007593;0.005748;0.016004;0.064551
0.001282;0.016282;0.115648;0.001204;0.003941;0.001489;0.015087;0.090917;0.486282;0.014597;0.112449;0.008498;0.011805;0.018062;0.102458
0.003845;0.036873;0.179815;0.002380;0.024100;0.003674;0.023284;0.036288;0.333817;0.072028;0.040149;0.081034;0.084628;0.018829;0.059256
0.006358;0.004988;0.000010;0.973482;0.000051;0.000218;0.000010;0.000105;0.000782;0.000370;0.000009;0.000031;0.000028;0.008247;0.005310
0.010682;0.003301;0.000025;0.938282;0.000098;0.000808;0.000028;0.000198;0.000409;0.001434;0.000021;0.000067;0.000122;0.010594;0.033929
0.004728;0.003230;0.000012;0.979314;0.000031;0.000551;0.000011;0.000219;0.000730;0.000578;0.000012;0.000024;0.000048;0.003557;0.006956
0.006763;0.000691;0.000006;0.975233;0.000036;0.001068;0.000006;0.000240;0.000399;0.000801;0.000006;0.000021;0.000035;0.001516;0.013180
0.003623;0.000389;0.000010;0.939994;0.000064;0.001067;0.000010;0.000390;0.000260;0.000880;0.000009;0.000022;0.000045;0.004698;0.048539
0.007384;0.000105;0.000018;0.969287;0.000116;0.015026;0.000022;0.001972;0.000231;0.004163;0.000051;0.000021;0.000158;0.000811;0.000634
0.004720;0.000266;0.000141;0.945694;0.000487;0.027458;0.000144;0.002558;0.000362;0.015677;0.000162;0.000171;0.000596;0.001092;0.000472
0.009397;0.000463;0.000005;0.979195;0.000021;0.000803;0.000005;0.000070;0.000325;0.000734;0.000005;0.000007;0.000037;0.001169;0.007763
