0.045217;0.043032;0.000246;0.864839;0.000400;0.000627;0.000281;0.000602;0.013006;0.000734;0.000232;0.000542;0.000492;0.004980;0.024768
0.025273;0.001090;0.000142;0.933115;0.000336;0.003149;0.000183;0.000847;0.003399;0.001380;0.000129;0.000225;0.000279;0.001915;0.028536
0.153210;0.132793;0.000939;0.301438;0.003451;0.001595;0.001098;0.001802;0.007403;0.004911;0.000853;0.002757;0.009585;0.249716;0.128447
0.013412;0.000068;0.000004;0.980405;0.000029;0.002774;0.000010;0.000053;0.000760;0.000730;0.000003;0.000010;0.000043;0.001002;0.000697
0.067869;0.013018;0.000858;0.797673;0.001678;0.003155;0.001027;0.003188;0.005495;0.004071;0.000781;0.001437;0.001798;0.017363;0.080588
0.849387;0.010011;0.000493;0.004710;0.019598;0.001459;0.000555;0.000650;0.002255;0.019207;0.000462;0.026918;0.042771;0.018803;0.002723
0.514023;0.000509;0.005209;0.000468;0.054934;0.256947;0.003473;0.004006;0.001190;0.031938;0.006651;0.040719;0.074794;0.000833;0.004308
0.393043;0.001045;0.006731;0.000788;0.043620;0.216970;0.010189;0.019612;0.005447;0.102533;0.030341;0.113997;0.049392;0.000996;0.005297
0.445807;0.001379;0.002878;0.000974;0.128990;0.095742;0.002803;0.006113;0.003344;0.058232;0.005608;0.169742;0.072819;0.001555;0.004014
0.741306;0.000071;0.000144;0.000091;0.014204;0.219904;0.000108;0.001004;0.000141;0.008785;0.000397;0.006416;0.007158;0.000065;0.000208
0.782824;0.000067;0.000197;0.000090;0.010756;0.175593;0.000179;0.000843;0.000138;0.004486;0.000824;0.012256;0.011440;0.000069;0.000239
0.567728;0.001164;0.003981;0.000716;0.027831;0.080853;0.006171;0.009236;0.005950;0.035962;0.034091;0.166481;0.053690;0.001983;0.004162
0.640410;0.038349;0.002051;0.005607;0.024104;0.004446;0.002151;0.005418;0.051675;0.030694;0.002049;0.041972;0.055324;0.077758;0.017992
0.274153;0.021932;0.002883;0.003253;0.078493;0.007101;0.002770;0.004932;0.158002;0.033476;0.004349;0.263333;0.102104;0.034773;0.008446
0.392438;0.003423;0.000672;0.000721;0.021352;0.007562;0.000589;0.001398;0.047750;0.017635;0.001595;0.448823;0.051880;0.003253;0.000910
0.032329;0.021344;0.014108;0.002269;0.160629;0.002718;0.007217;0.017813;0.029768;0.009267;0.022911;0.332679;0.325819;0.010517;0.010611
0.177898;0.006316;0.024017;0.003828;0.103386;0.012620;0.023235;0.081936;0.005268;0.009983;0.207243;0.108893;0.217516;0.004058;0.013804
0.012566;0.001927;0.217953;0.001170;0.008036;0.002089;0.041254;0.518433;0.001443;0.002977;0.151861;0.005922;0.022028;0.001281;0.011060
0.172267;0.000439;0.004932;0.000471;0.202280;0.420658;0.006285;0.003367;0.000536;0.018683;0.002880;0.046668;0.117522;0.000373;0.002637
0.106375;0.000660;0.007530;0.000682;0.214038;0.202895;0.008493;0.003544;0.001145;0.097164;0.005512;0.136596;0.210472;0.000791;0.004104
0.347932;0.001246;0.003384;0.000907;0.071720;0.260582;0.003100;0.002719;0.004352;0.061001;0.005673;0.155164;0.077419;0.001614;0.003188
0.409644;0.001381;0.005334;0.001031;0.126524;0.162971;0.004739;0.012226;0.003743;0.030428;0.017047;0.101249;0.117729;0.001519;0.004435
0.078375;0.000673;0.023485;0.000903;0.340023;0.282809;0.027911;0.009324;0.000949;0.025440;0.010556;0.017358;0.172328;0.000842;0.009025
0.079473;0.000428;0.015671;0.000560;0.175424;0.516346;0.042871;0.008630;0.000747;0.033042;0.009232;0.015466;0.095657;0.000664;0.005790
0.482035;0.022041;0.003345;0.014765;0.095296;0.008484;0.003829;0.003657;0.012883;0.050185;0.002980;0.043764;0.137233;0.092580;0.026921
0.648710;0.052121;0.001842;0.007366;0.026617;0.002677;0.001945;0.002018;0.028080;0.005784;0.001979;0.082787;0.062528;0.072184;0.003362
0.235711;0.033470;0.003850;0.004514;0.023161;0.006549;0.003952;0.004022;0.252211;0.026577;0.007514;0.249810;0.059877;0.082154;0.006627
0.375009;0.013189;0.001994;0.002864;0.047011;0.007423;0.002324;0.002751;0.084456;0.015270;0.004129;0.338531;0.078781;0.022969;0.003299
0.436287;0.017915;0.000528;0.001000;0.008181;0.001672;0.000472;0.000899;0.421889;0.010495;0.002438;0.051649;0.011186;0.034347;0.001042
0.495529;0.084464;0.002453;0.030510;0.058220;0.003759;0.002818;0.002301;0.010798;0.010754;0.002193;0.030373;0.073102;0.168557;0.024169
0.115962;0.058626;0.008002;0.014602;0.103626;0.009397;0.009293;0.008837;0.045782;0.101444;0.007056;0.084580;0.139576;0.174142;0.119077
0.118920;0.035040;0.005056;0.035790;0.226791;0.009360;0.006267;0.005825;0.009965;0.106509;0.004121;0.023354;0.152272;0.081277;0.179452
0.110708;0.005717;0.000782;0.001725;0.094082;0.005455;0.001073;0.000706;0.009976;0.014513;0.001374;0.562098;0.179542;0.010215;0.002035
0.193785;0.021964;0.002625;0.011835;0.222570;0.005444;0.003167;0.002600;0.009329;0.042643;0.002327;0.097484;0.291409;0.072692;0.020126
0.150626;0.014763;0.002622;0.002969;0.090519;0.008210;0.002919;0.003012;0.083216;0.115492;0.004099;0.367574;0.116627;0.029534;0.007819
0.326858;0.014230;0.003447;0.003948;0.071749;0.012521;0.004057;0.005476;0.102725;0.036405;0.005961;0.281441;0.100818;0.024219;0.006145
0.014791;0.001843;0.000473;0.004295;0.392793;0.003818;0.000947;0.000375;0.001064;0.018022;0.000347;0.078371;0.470255;0.007612;0.004993
0.251403;0.025111;0.005445;0.035307;0.131155;0.011122;0.006837;0.005414;0.010205;0.099914;0.004654;0.029164;0.150546;0.100753;0.132970
0.517513;0.014932;0.002039;0.057751;0.122779;0.006496;0.002733;0.001603;0.004060;0.016977;0.001792;0.016394;0.144768;0.059034;0.031129
0.228627;0.038156;0.003304;0.089701;0.042361;0.004401;0.003786;0.004119;0.006617;0.015039;0.002686;0.011894;0.071618;0.099051;0.378640
0.013277;0.012164;0.001292;0.025102;0.006327;0.000911;0.001366;0.001318;0.003202;0.012945;0.000766;0.002951;0.020003;0.573948;0.324428
0.346691;0.025106;0.003459;0.042958;0.054626;0.005125;0.003591;0.003214;0.006450;0.040380;0.002721;0.008323;0.101219;0.181714;0.174423
0.276376;0.026402;0.003648;0.007700;0.107774;0.004743;0.003134;0.003908;0.033303;0.074560;0.004362;0.040609;0.183146;0.202876;0.027460
0.040906;0.015972;0.001450;0.013842;0.002441;0.001654;0.000996;0.003353;0.014972;0.030626;0.001427;0.001281;0.004482;0.744668;0.121931
0.078663;0.023651;0.001348;0.023330;0.007093;0.001175;0.000988;0.002209;0.007190;0.011438;0.001145;0.001778;0.017725;0.650341;0.171927
0.625630;0.018611;0.002034;0.073248;0.019640;0.004721;0.002536;0.002554;0.005506;0.013998;0.001779;0.007505;0.031110;0.069143;0.121983
0.103452;0.026148;0.006194;0.027605;0.216033;0.009241;0.006893;0.005467;0.010643;0.092090;0.004801;0.018206;0.169067;0.166216;0.137943
0.320732;0.033000;0.004234;0.011301;0.105301;0.005889;0.004342;0.004985;0.021108;0.082693;0.003594;0.026902;0.096488;0.210516;0.068914
0.959560;0.001614;0.000441;0.001007;0.001645;0.001203;0.000258;0.007342;0.001979;0.000891;0.009423;0.000777;0.004327;0.006008;0.003527
0.926381;0.000696;0.000848;0.000723;0.002542;0.002675;0.000479;0.014351;0.000939;0.001274;0.030588;0.001672;0.010227;0.001279;0.005327
0.392040;0.002925;0.004088;0.001405;0.039223;0.008056;0.004138;0.024625;0.003821;0.002496;0.082043;0.295820;0.134826;0.001338;0.003157
0.164772;0.157242;0.007028;0.006497;0.043474;0.002049;0.003777;0.036526;0.081008;0.006276;0.014650;0.179378;0.215019;0.070070;0.012233
0.655341;0.005168;0.002930;0.001296;0.019028;0.003273;0.001987;0.060090;0.014560;0.003890;0.105502;0.047489;0.072393;0.002052;0.005001
0.693858;0.004534;0.003240;0.001322;0.038220;0.004559;0.002144;0.051745;0.006050;0.005714;0.064253;0.047296;0.066691;0.001639;0.008736
0.578036;0.002319;0.005612;0.002166;0.085363;0.006953;0.003770;0.027446;0.001737;0.003103;0.050299;0.023499;0.194295;0.002575;0.012828
0.367567;0.011884;0.005149;0.002249;0.113185;0.003631;0.002651;0.015650;0.008793;0.009384;0.015674;0.126588;0.298510;0.010932;0.008154
0.157705;0.053666;0.003635;0.010211;0.095592;0.001993;0.001956;0.007048;0.010758;0.010892;0.002271;0.023676;0.396967;0.195554;0.028075
0.233605;0.014700;0.006927;0.001963;0.048445;0.003386;0.003392;0.012694;0.025072;0.004991;0.079493;0.308747;0.243634;0.008346;0.004605
0.467551;0.062171;0.002664;0.002917;0.024042;0.001955;0.001681;0.011490;0.173697;0.011758;0.012287;0.066706;0.068708;0.083340;0.009032
0.769101;0.014546;0.001468;0.001396;0.026065;0.002283;0.000882;0.018230;0.054157;0.009516;0.015881;0.029610;0.043994;0.009328;0.003543
0.510250;0.044527;0.004599;0.004584;0.027986;0.002620;0.001924;0.025863;0.086484;0.009300;0.020255;0.022925;0.094652;0.119924;0.024106
0.517204;0.008389;0.006290;0.001671;0.022926;0.007950;0.004861;0.141333;0.030403;0.009525;0.153224;0.047782;0.041048;0.002862;0.004531
0.234398;0.009787;0.035645;0.005577;0.040277;0.016387;0.010495;0.079181;0.027806;0.073390;0.131651;0.010947;0.112519;0.080013;0.131926
0.099586;0.011665;0.004142;0.005334;0.008551;0.002099;0.001313;0.042720;0.020467;0.013691;0.010692;0.002332;0.058372;0.670100;0.048934
0.087477;0.018019;0.008531;0.002806;0.137984;0.001944;0.004855;0.014199;0.006730;0.003616;0.024665;0.178080;0.492663;0.007926;0.010506
0.277127;0.009761;0.023947;0.006109;0.068378;0.010053;0.019143;0.089641;0.008837;0.008390;0.201491;0.079180;0.155210;0.007673;0.035059
0.649770;0.001488;0.003487;0.000704;0.023571;0.088674;0.002334;0.010413;0.020979;0.127598;0.013637;0.025207;0.023804;0.002471;0.005863
0.785332;0.000563;0.001728;0.000416;0.019454;0.076370;0.001196;0.009500;0.004932;0.054626;0.006534;0.012404;0.022020;0.001128;0.003796
0.548505;0.002081;0.011444;0.002540;0.127572;0.122290;0.010375;0.016268;0.002449;0.009881;0.023384;0.006390;0.100778;0.004609;0.011433
0.435172;0.002924;0.010901;0.003536;0.142452;0.251431;0.011003;0.012999;0.003721;0.012781;0.014874;0.006975;0.075946;0.004913;0.010373
0.284824;0.000126;0.002112;0.000217;0.030662;0.602896;0.004796;0.004143;0.000224;0.030045;0.002608;0.001967;0.031918;0.000238;0.003225
0.972771;0.000111;0.000060;0.000076;0.001126;0.009740;0.000037;0.000487;0.000738;0.010089;0.000285;0.001163;0.002027;0.001048;0.000241
0.307624;0.001283;0.000894;0.000895;0.042452;0.034691;0.001030;0.000923;0.002666;0.005011;0.001373;0.483363;0.114771;0.001785;0.001240
0.226849;0.001902;0.001963;0.000822;0.043324;0.050084;0.001422;0.002554;0.027959;0.031616;0.004285;0.530315;0.072451;0.002295;0.002159
0.347564;0.003943;0.001722;0.001424;0.061435;0.026127;0.001739;0.002794;0.057976;0.048744;0.002257;0.368837;0.065318;0.006526;0.003594
0.610190;0.002932;0.001113;0.001393;0.128260;0.008955;0.000765;0.001658;0.008487;0.061105;0.001089;0.053056;0.106608;0.009063;0.005325
0.719454;0.000559;0.000998;0.000357;0.020817;0.090107;0.000585;0.001931;0.005452;0.041977;0.001604;0.082606;0.031637;0.000831;0.001084
0.615683;0.000624;0.000600;0.000390;0.018530;0.066027;0.000518;0.002814;0.009036;0.017456;0.001957;0.232839;0.032233;0.000660;0.000634
0.071656;0.000079;0.001707;0.000141;0.048627;0.832695;0.001716;0.001682;0.000116;0.006935;0.000656;0.002969;0.030323;0.000083;0.000615
0.064498;0.000067;0.000789;0.000113;0.025998;0.878484;0.001384;0.000365;0.000075;0.004348;0.000226;0.001091;0.022179;0.000069;0.000313
0.507134;0.000218;0.002510;0.000174;0.012340;0.349921;0.002641;0.003507;0.001128;0.060941;0.005506;0.033065;0.018695;0.000228;0.001992
0.665685;0.000314;0.000669;0.000297;0.013180;0.199395;0.000576;0.001896;0.001896;0.049346;0.000854;0.047904;0.016766;0.000380;0.000842
0.457709;0.000446;0.000887;0.000366;0.025439;0.408592;0.000786;0.003760;0.001433;0.079488;0.001359;0.003503;0.014047;0.000743;0.001441
0.428402;0.000138;0.001182;0.000133;0.006387;0.459829;0.001070;0.001295;0.000606;0.075679;0.001494;0.006544;0.016068;0.000354;0.000820
0.190889;0.000128;0.000660;0.000136;0.014938;0.762540;0.000519;0.002097;0.000201;0.016872;0.000607;0.000495;0.008824;0.000260;0.000834
0.701760;0.000084;0.000076;0.000090;0.006299;0.277342;0.000043;0.000323;0.000266;0.006377;0.000195;0.002454;0.004406;0.000176;0.000109
0.634943;0.000185;0.000340;0.000165;0.012978;0.319529;0.000337;0.002448;0.000808;0.011100;0.001097;0.003001;0.011854;0.000598;0.000616
0.582080;0.000201;0.001005;0.000219;0.006064;0.317748;0.001011;0.005335;0.000866;0.068121;0.002299;0.001504;0.010043;0.000604;0.002900
0.012263;0.000009;0.000624;0.000023;0.006286;0.970359;0.001156;0.000311;0.000018;0.003419;0.000080;0.000291;0.005042;0.000006;0.000112
0.196691;0.000054;0.000455;0.000091;0.016535;0.763407;0.000541;0.001326;0.000078;0.010264;0.000340;0.000546;0.009204;0.000068;0.000400
0.071531;0.000092;0.001824;0.000127;0.027301;0.840533;0.003224;0.001647;0.000149;0.035524;0.000533;0.000990;0.015535;0.000111;0.000878
0.019841;0.000025;0.001176;0.000060;0.046123;0.907450;0.003136;0.000255;0.000027;0.004749;0.000103;0.000937;0.015924;0.000021;0.000173
0.014252;0.000128;0.005097;0.000214;0.097318;0.810202;0.020551;0.001493;0.000152;0.009709;0.000560;0.001188;0.037766;0.000132;0.001237
0.040904;0.000189;0.004076;0.000280;0.110205;0.714399;0.008030;0.001854;0.000273;0.037456;0.001061;0.010477;0.069323;0.000188;0.001284
0.009989;0.000020;0.001454;0.000041;0.027736;0.931155;0.005261;0.000399;0.000024;0.010440;0.000112;0.001155;0.011922;0.000017;0.000274
0.003620;0.000019;0.001491;0.000047;0.064887;0.908264;0.003739;0.000206;0.000020;0.001390;0.000081;0.000386;0.015683;0.000017;0.000151
0.081149;0.000647;0.016745;0.000653;0.058313;0.661160;0.038037;0.026174;0.001570;0.038127;0.020033;0.006151;0.043124;0.000688;0.007429
0.589151;0.000673;0.000942;0.000553;0.013332;0.151328;0.001016;0.001112;0.002169;0.012994;0.001732;0.196875;0.026301;0.000819;0.001004
0.097252;0.000333;0.001103;0.000380;0.057176;0.639456;0.002191;0.000954;0.000602;0.014905;0.000588;0.107624;0.076123;0.000304;0.001010
0.202813;0.000833;0.004531;0.000732;0.023458;0.255363;0.007243;0.003146;0.003977;0.084832;0.004660;0.345509;0.059317;0.000887;0.002700
0.519088;0.004307;0.001152;0.003224;0.168847;0.010010;0.001320;0.001867;0.005171;0.059066;0.001141;0.061174;0.145290;0.013232;0.005111
0.314663;0.001100;0.000373;0.000499;0.012145;0.016299;0.000415;0.000922;0.015017;0.010406;0.000708;0.596563;0.028964;0.001068;0.000858
0.009156;0.000014;0.000959;0.000030;0.014961;0.958537;0.004933;0.000348;0.000018;0.003814;0.000085;0.000534;0.006417;0.000011;0.000185
0.013352;0.000073;0.003053;0.000131;0.115222;0.817067;0.008538;0.001052;0.000072;0.006697;0.000276;0.002233;0.031677;0.000057;0.000500
0.007026;0.000008;0.000673;0.000022;0.016458;0.966443;0.001539;0.000394;0.000009;0.002161;0.000048;0.000430;0.004707;0.000004;0.000079
0.009160;0.000034;0.002509;0.000058;0.025593;0.930496;0.007132;0.001279;0.000052;0.012496;0.000253;0.000587;0.009851;0.000028;0.000474
0.145885;0.000116;0.001825;0.000146;0.018975;0.756696;0.002233;0.002882;0.000264;0.050758;0.001292;0.002196;0.014801;0.000134;0.001799
0.169698;0.000098;0.001839;0.000122;0.016069;0.674200;0.004517;0.002726;0.000357;0.090080;0.001380;0.011969;0.025827;0.000099;0.001019
0.655646;0.000267;0.000616;0.000230;0.023819;0.201234;0.000441;0.002168;0.001448;0.065462;0.000880;0.031612;0.015241;0.000281;0.000655
0.170540;0.000189;0.001664;0.000196;0.024558;0.681408;0.002610;0.001202;0.000344;0.078914;0.000898;0.017226;0.019407;0.000188;0.000659
0.197225;0.000875;0.002789;0.000775;0.084644;0.506818;0.004065;0.002246;0.001694;0.051796;0.003268;0.075110;0.065158;0.000971;0.002566
0.063715;0.001162;0.004017;0.001088;0.075670;0.331826;0.013255;0.002119;0.002273;0.106818;0.002428;0.275040;0.115780;0.001098;0.003712
0.231698;0.001131;0.002324;0.001006;0.070704;0.248899;0.003078;0.002045;0.002838;0.074724;0.002642;0.292389;0.063077;0.001216;0.002229
0.348428;0.001144;0.003862;0.000954;0.029744;0.113057;0.002616;0.007973;0.023982;0.270689;0.005942;0.131708;0.054336;0.002078;0.003487
0.339923;0.007805;0.002761;0.001730;0.083211;0.015075;0.001981;0.003545;0.129250;0.156781;0.004822;0.133461;0.091694;0.018066;0.009895
0.184274;0.010149;0.005489;0.010606;0.100642;0.017988;0.005605;0.005925;0.010014;0.446130;0.003846;0.019118;0.081353;0.047139;0.051722
0.507798;0.002935;0.002121;0.001461;0.061697;0.027150;0.001725;0.003832;0.028727;0.157771;0.002842;0.114604;0.077219;0.006526;0.003592
0.633101;0.002160;0.001683;0.000857;0.009554;0.020964;0.001558;0.016813;0.117261;0.153736;0.006347;0.017357;0.012186;0.002384;0.004038
0.658993;0.016550;0.001560;0.003753;0.044647;0.003962;0.001456;0.002007;0.024954;0.030993;0.001508;0.026554;0.087660;0.083534;0.011869
0.163623;0.001324;0.002988;0.000750;0.008270;0.021516;0.001274;0.004872;0.173555;0.538737;0.007095;0.052062;0.014722;0.003023;0.006191
0.003477;0.671800;0.002150;0.212100;0.002033;0.002514;0.002300;0.031486;0.035639;0.003839;0.001864;0.001954;0.002426;0.019259;0.007158
0.020879;0.233573;0.014072;0.256211;0.013618;0.016523;0.014909;0.162031;0.077714;0.018111;0.012025;0.012608;0.015874;0.080960;0.050892
0.000011;0.977984;0.000098;0.003614;0.000051;0.000002;0.000038;0.000440;0.000478;0.000043;0.000012;0.000034;0.000287;0.016532;0.000378
0.000058;0.852392;0.000097;0.061022;0.000112;0.000009;0.000044;0.001013;0.000725;0.000319;0.000023;0.000054;0.000540;0.080246;0.003348
0.000178;0.621960;0.000048;0.323647;0.000089;0.000028;0.000048;0.000319;0.000402;0.000327;0.000028;0.000061;0.000503;0.050457;0.001905
0.000353;0.735253;0.000056;0.237444;0.000067;0.000061;0.000063;0.003546;0.002927;0.000451;0.000055;0.000056;0.000097;0.014666;0.004906
0.025910;0.094579;0.007840;0.001955;0.008904;0.001761;0.002846;0.016342;0.577385;0.003507;0.058244;0.171310;0.018936;0.008203;0.002278
0.015873;0.227378;0.011223;0.003017;0.007050;0.002258;0.003883;0.024441;0.471848;0.007746;0.069624;0.055668;0.018566;0.072833;0.008592
0.000642;0.014400;0.006880;0.000619;0.000421;0.000365;0.001082;0.689248;0.177359;0.002334;0.032839;0.000496;0.000710;0.065405;0.007201
0.000329;0.864149;0.000718;0.004752;0.000194;0.000051;0.000124;0.007453;0.013311;0.000811;0.000252;0.000173;0.000748;0.104489;0.002448
0.000255;0.007959;0.001468;0.001838;0.000218;0.000167;0.000307;0.031259;0.007563;0.000642;0.000741;0.000185;0.000272;0.878388;0.068737
0.000282;0.012505;0.009509;0.000871;0.000235;0.000173;0.000560;0.018617;0.028098;0.001310;0.008979;0.000202;0.000461;0.875285;0.042914
0.000112;0.960884;0.000066;0.002631;0.000069;0.000007;0.000038;0.000337;0.004026;0.000246;0.000024;0.000073;0.000230;0.030671;0.000586
0.000478;0.913498;0.001776;0.002352;0.000474;0.000277;0.000451;0.022866;0.027526;0.001421;0.000609;0.000440;0.000879;0.023213;0.003740
0.005136;0.251508;0.020742;0.002689;0.002214;0.001560;0.003115;0.110805;0.475775;0.005598;0.054868;0.012772;0.004214;0.037456;0.011545
0.003288;0.032920;0.012800;0.001354;0.000972;0.000813;0.002429;0.494812;0.300448;0.011438;0.081323;0.002788;0.002482;0.030005;0.022129
0.015426;0.026028;0.024389;0.003096;0.006396;0.003806;0.005035;0.207418;0.398351;0.044015;0.119240;0.006999;0.011869;0.075643;0.052289
0.006218;0.023810;0.052441;0.001879;0.002967;0.002220;0.009528;0.461001;0.227273;0.026665;0.125461;0.004777;0.004723;0.026960;0.024077
0.000383;0.972570;0.000042;0.003596;0.000102;0.000014;0.000030;0.000155;0.006436;0.000247;0.000038;0.000115;0.000265;0.015328;0.000680
0.017859;0.494577;0.001851;0.004237;0.004582;0.001191;0.001286;0.003407;0.126411;0.013458;0.002847;0.011785;0.010461;0.298824;0.007226
0.014167;0.819259;0.000762;0.006984;0.001679;0.000651;0.000598;0.002754;0.055552;0.005238;0.000893;0.001878;0.002688;0.081899;0.004998
0.003312;0.966115;0.000085;0.005135;0.000300;0.000054;0.000071;0.000353;0.013339;0.000464;0.000106;0.000338;0.000528;0.009138;0.000660
0.000582;0.921606;0.000597;0.002980;0.000460;0.000111;0.000175;0.020861;0.035624;0.000530;0.000431;0.000717;0.001446;0.011548;0.002332
0.001853;0.889783;0.000400;0.031629;0.000821;0.000295;0.000312;0.005123;0.013819;0.001435;0.000394;0.000522;0.001680;0.025710;0.026225
0.000338;0.956529;0.000022;0.028395;0.000031;0.000023;0.000020;0.001951;0.005189;0.000217;0.000027;0.000032;0.000061;0.004486;0.002679
0.000163;0.984199;0.000022;0.005376;0.000030;0.000011;0.000014;0.001076;0.003689;0.000314;0.000013;0.000024;0.000080;0.003797;0.001192
0.004247;0.877256;0.000118;0.016375;0.000362;0.000061;0.000094;0.000413;0.008029;0.000764;0.000117;0.000369;0.000911;0.088475;0.002409
0.019457;0.749841;0.000696;0.037579;0.001622;0.000633;0.000574;0.001988;0.023626;0.003867;0.000687;0.001299;0.002513;0.135476;0.020140
0.017514;0.794276;0.000476;0.012032;0.001523;0.000380;0.000391;0.001258;0.028211;0.003122;0.000495;0.001266;0.002225;0.130064;0.006766
0.052292;0.412691;0.001426;0.072427;0.003130;0.001379;0.001168;0.002163;0.029329;0.005328;0.001420;0.002548;0.004473;0.386714;0.023511
0.018537;0.804755;0.000380;0.047446;0.001111;0.000333;0.000341;0.000771;0.015219;0.001460;0.000391;0.001172;0.002235;0.102705;0.003144
0.002988;0.953468;0.000207;0.005128;0.000527;0.000110;0.000138;0.001735;0.024661;0.000697;0.000262;0.000486;0.000841;0.007325;0.001425
0.000001;0.998069;0.000004;0.000452;0.000010;0.000001;0.000003;0.000314;0.000825;0.000008;0.000005;0.000011;0.000040;0.000209;0.000050
0.000026;0.988357;0.000042;0.001268;0.000043;0.000006;0.000015;0.005940;0.002466;0.000030;0.000026;0.000044;0.000117;0.001294;0.000327
0.000154;0.948956;0.000157;0.001923;0.000129;0.000022;0.000061;0.028363;0.012449;0.000102;0.000171;0.000243;0.000288;0.006376;0.000604
0.000315;0.969600;0.000193;0.001781;0.000270;0.000023;0.000063;0.007822;0.012933;0.000141;0.000120;0.000566;0.001102;0.004079;0.000994
0.001122;0.730825;0.000554;0.001558;0.000380;0.000077;0.000300;0.000596;0.026931;0.002037;0.000620;0.003404;0.001712;0.227741;0.002142
0.007562;0.812353;0.000133;0.017659;0.001109;0.000089;0.000148;0.000337;0.005784;0.002041;0.000120;0.001264;0.004713;0.142227;0.004461
0.000142;0.952597;0.000019;0.026826;0.000057;0.000009;0.000019;0.000072;0.000645;0.000089;0.000011;0.000042;0.000362;0.018626;0.000484
0.001610;0.918955;0.000051;0.040546;0.000239;0.000026;0.000054;0.000123;0.002039;0.000503;0.000045;0.000185;0.001040;0.033488;0.001098
0.000169;0.953295;0.000012;0.036440;0.000031;0.000012;0.000016;0.000102;0.000721;0.000077;0.000013;0.000033;0.000148;0.008627;0.000303
0.000109;0.954443;0.000050;0.010049;0.000099;0.000006;0.000048;0.000220;0.001434;0.000215;0.000011;0.000084;0.000508;0.031293;0.001431
0.000016;0.987816;0.000007;0.009377;0.000016;0.000003;0.000005;0.000025;0.000196;0.000010;0.000006;0.000012;0.000088;0.002393;0.000029
0.000004;0.995721;0.000002;0.003360;0.000005;0.000001;0.000001;0.000011;0.000116;0.000003;0.000001;0.000004;0.000035;0.000730;0.000005
0.000004;0.996012;0.000002;0.003082;0.000005;0.000001;0.000001;0.000009;0.000171;0.000002;0.000001;0.000004;0.000044;0.000657;0.000005
0.000013;0.986718;0.000006;0.010509;0.000013;0.000003;0.000004;0.000023;0.000191;0.000008;0.000005;0.000009;0.000078;0.002388;0.000031
0.000336;0.938884;0.000058;0.044752;0.000169;0.000041;0.000054;0.000345;0.001091;0.000141;0.000044;0.000109;0.000687;0.012223;0.001066
0.006183;0.171134;0.006929;0.011225;0.018197;0.002187;0.005851;0.006137;0.016492;0.016477;0.002695;0.020338;0.050614;0.526193;0.139350
0.000595;0.944444;0.000068;0.030075;0.000122;0.000060;0.000067;0.001235;0.005525;0.000389;0.000065;0.000119;0.000329;0.011199;0.005709
0.000101;0.994614;0.000009;0.002290;0.000038;0.000001;0.000006;0.000038;0.001099;0.000024;0.000006;0.000030;0.000167;0.001478;0.000098
0.000122;0.886915;0.003359;0.000648;0.000079;0.000044;0.000119;0.011040;0.083382;0.000105;0.006973;0.000735;0.000146;0.006033;0.000298
0.000701;0.578103;0.000173;0.243676;0.000442;0.000095;0.000133;0.000619;0.001171;0.000723;0.000099;0.000245;0.002075;0.144759;0.026985
0.002520;0.578754;0.000259;0.339981;0.000679;0.000256;0.000268;0.001488;0.002744;0.000759;0.000226;0.000538;0.002633;0.051091;0.017804
0.001157;0.254625;0.000104;0.702178;0.000174;0.000167;0.000113;0.009728;0.004519;0.000472;0.000087;0.000176;0.000377;0.014859;0.011262
0.000124;0.969121;0.000043;0.021065;0.000099;0.000019;0.000028;0.000090;0.000421;0.000054;0.000027;0.000074;0.000416;0.008284;0.000135
0.000151;0.988031;0.000022;0.001897;0.000061;0.000003;0.000011;0.000127;0.001588;0.000046;0.000015;0.000075;0.000259;0.007596;0.000119
0.000323;0.977855;0.000121;0.006539;0.000230;0.000016;0.000054;0.000637;0.003493;0.000118;0.000096;0.000178;0.000787;0.008733;0.000821
0.008030;0.784930;0.001163;0.011571;0.002399;0.000390;0.000558;0.009567;0.038351;0.002816;0.001017;0.001949;0.008203;0.096420;0.032637
0.003639;0.716456;0.000403;0.121948;0.001430;0.000343;0.000431;0.003113;0.002851;0.001672;0.000345;0.000801;0.006957;0.102197;0.037414
0.009493;0.466432;0.001096;0.253227;0.003214;0.001058;0.001120;0.003839;0.004024;0.003024;0.000943;0.001951;0.012624;0.151757;0.086198
0.000178;0.884177;0.000504;0.001728;0.000212;0.000020;0.000425;0.001283;0.008959;0.000911;0.000070;0.000919;0.001379;0.097082;0.002152
0.000049;0.970407;0.000186;0.000629;0.000047;0.000004;0.000124;0.000237;0.003732;0.000122;0.000037;0.000281;0.000321;0.023475;0.000348
0.000172;0.982287;0.000022;0.002793;0.000071;0.000004;0.000041;0.000073;0.001401;0.000138;0.000007;0.000223;0.000373;0.012112;0.000282
0.000232;0.980427;0.000043;0.002534;0.000047;0.000034;0.000040;0.002025;0.010713;0.000618;0.000027;0.000048;0.000094;0.002239;0.000877
0.000072;0.962207;0.000041;0.004080;0.000021;0.000009;0.000022;0.000587;0.003158;0.000421;0.000006;0.000015;0.000065;0.028544;0.000752
0.000084;0.982245;0.000045;0.001428;0.000028;0.000007;0.000026;0.000562;0.004706;0.000354;0.000015;0.000039;0.000097;0.009827;0.000537
0.000385;0.960426;0.000057;0.003530;0.000072;0.000021;0.000038;0.000476;0.004800;0.001463;0.000020;0.000077;0.000211;0.027735;0.000689
0.000366;0.971879;0.000072;0.001307;0.000077;0.000021;0.000035;0.000327;0.008725;0.000730;0.000057;0.000129;0.000171;0.015739;0.000364
0.000118;0.990459;0.000011;0.002126;0.000014;0.000005;0.000007;0.000090;0.003605;0.000114;0.000005;0.000020;0.000056;0.003100;0.000271
0.000238;0.979392;0.000033;0.001425;0.000055;0.000010;0.000021;0.000282;0.004431;0.000501;0.000016;0.000100;0.000175;0.013008;0.000313
0.000030;0.992584;0.000035;0.000496;0.000018;0.000004;0.000019;0.000491;0.004304;0.000181;0.000009;0.000044;0.000058;0.001492;0.000237
0.000141;0.893867;0.017889;0.001002;0.000215;0.000083;0.001937;0.014117;0.047248;0.000766;0.001716;0.003078;0.000570;0.015534;0.001836
0.000267;0.883789;0.000198;0.015167;0.000412;0.000012;0.000105;0.000232;0.001229;0.000313;0.000046;0.000249;0.001988;0.094401;0.001591
0.000454;0.946288;0.000025;0.028774;0.000065;0.000017;0.000024;0.000259;0.002543;0.000237;0.000023;0.000061;0.000317;0.019318;0.001594
0.001997;0.550575;0.000293;0.354855;0.000544;0.000294;0.000312;0.001480;0.004464;0.000919;0.000280;0.000481;0.001341;0.058603;0.023562
0.000931;0.944537;0.000067;0.023897;0.000145;0.000045;0.000055;0.000576;0.003813;0.000567;0.000062;0.000129;0.000481;0.020433;0.004262
0.000610;0.934137;0.000180;0.004747;0.000274;0.000060;0.000121;0.000535;0.010363;0.001753;0.000080;0.000196;0.000567;0.040503;0.005876
0.003110;0.862819;0.000396;0.071211;0.000566;0.000395;0.000354;0.004062;0.014131;0.001677;0.000409;0.000497;0.000815;0.018680;0.020877
0.000025;0.962573;0.000471;0.000331;0.000030;0.000003;0.000135;0.000345;0.004999;0.000055;0.000214;0.000229;0.000147;0.030363;0.000081
0.000011;0.967367;0.000389;0.000238;0.000012;0.000002;0.000096;0.000197;0.003887;0.000033;0.000113;0.000100;0.000055;0.027450;0.000051
0.000135;0.912618;0.001011;0.000929;0.000163;0.000051;0.000263;0.001154;0.061572;0.000150;0.001215;0.002484;0.000819;0.017049;0.000387
0.000052;0.785206;0.004293;0.000777;0.000055;0.000021;0.000212;0.002945;0.012446;0.000166;0.000733;0.000091;0.000163;0.191918;0.000922
0.000051;0.944195;0.004843;0.000707;0.000071;0.000025;0.000494;0.004188;0.018697;0.000159;0.000586;0.000277;0.000205;0.024700;0.000800
0.000020;0.961829;0.000591;0.002292;0.000064;0.000010;0.000104;0.025992;0.001813;0.000065;0.000026;0.000071;0.000366;0.005837;0.000921
0.032010;0.001316;0.011684;0.001145;0.120446;0.230811;0.040146;0.002822;0.001853;0.035489;0.007413;0.341330;0.167934;0.001120;0.004481
0.006907;0.001838;0.014602;0.001195;0.126908;0.033496;0.057647;0.002921;0.002579;0.010305;0.005830;0.457793;0.269611;0.001233;0.007134
0.006735;0.001816;0.081263;0.001550;0.037296;0.127482;0.449618;0.011166;0.004768;0.108192;0.028718;0.078386;0.039047;0.001686;0.022277
0.017666;0.001649;0.033505;0.001223;0.097896;0.168372;0.179806;0.012978;0.004342;0.110622;0.032670;0.257750;0.073553;0.001245;0.006725
0.048639;0.001633;0.021368;0.001107;0.123481;0.173900;0.049804;0.008951;0.004079;0.046615;0.030162;0.314147;0.167074;0.001442;0.007600
0.021983;0.002092;0.021333;0.001518;0.054924;0.299637;0.070364;0.004148;0.004229;0.276840;0.007658;0.177397;0.049181;0.001852;0.006846
0.000898;0.000935;0.504854;0.000833;0.001771;0.004834;0.263856;0.077315;0.004156;0.045981;0.047689;0.001012;0.003844;0.002421;0.039602
0.042635;0.001389;0.020970;0.001102;0.151189;0.204128;0.028225;0.012948;0.003409;0.427716;0.009113;0.016091;0.066219;0.001516;0.013349
0.024501;0.001696;0.079264;0.001650;0.066760;0.175679;0.135522;0.038579;0.005387;0.321999;0.029875;0.006827;0.073364;0.003521;0.035377
0.009158;0.001000;0.123601;0.001055;0.060037;0.167274;0.341505;0.027890;0.002484;0.155692;0.021830;0.007507;0.038697;0.001323;0.040948
0.008834;0.000939;0.073979;0.000868;0.053584;0.099625;0.491924;0.016122;0.002221;0.149513;0.019876;0.027254;0.040061;0.001031;0.014167
0.010693;0.001337;0.110067;0.001102;0.191900;0.088940;0.243886;0.029281;0.002977;0.107647;0.021999;0.046109;0.112602;0.001322;0.030138
0.005843;0.002154;0.086875;0.001510;0.099385;0.028135;0.214217;0.007727;0.004130;0.140251;0.013186;0.228513;0.142435;0.001679;0.023961
0.006576;0.001399;0.125413;0.001254;0.099142;0.058326;0.319168;0.009107;0.002394;0.177805;0.032568;0.032141;0.113372;0.001697;0.019637
0.007789;0.002066;0.132013;0.001109;0.074469;0.038635;0.439616;0.023621;0.004725;0.067682;0.084128;0.035179;0.060635;0.002269;0.026065
0.008909;0.001100;0.080370;0.001074;0.039547;0.121267;0.566357;0.011961;0.002362;0.038187;0.053779;0.022542;0.039200;0.001142;0.012202
0.010388;0.001245;0.117211;0.001014;0.064509;0.078962;0.425183;0.032025;0.003119;0.118389;0.049434;0.032293;0.042327;0.001279;0.022622
0.004744;0.001315;0.141253;0.001111;0.037534;0.056654;0.447377;0.018152;0.004175;0.139182;0.053797;0.032163;0.036580;0.001579;0.024383
0.000282;0.000402;0.878415;0.000633;0.000527;0.000593;0.030204;0.048086;0.000753;0.002401;0.005807;0.000293;0.000828;0.003973;0.026802
0.000141;0.000408;0.881703;0.000569;0.000297;0.000286;0.021560;0.059211;0.000801;0.001014;0.015944;0.000172;0.000685;0.002541;0.014669
0.000394;0.000751;0.756438;0.000719;0.000815;0.001022;0.047357;0.087943;0.001878;0.002820;0.068034;0.000409;0.003652;0.002423;0.025344
0.000172;0.000316;0.738927;0.000459;0.000418;0.000733;0.024178;0.191050;0.002354;0.003022;0.018277;0.000217;0.000872;0.002906;0.016099
0.000494;0.000824;0.685574;0.000752;0.000950;0.001021;0.106300;0.102741;0.002035;0.003201;0.064129;0.000913;0.004115;0.002311;0.024640
0.000300;0.000596;0.863951;0.000656;0.000534;0.000617;0.069134;0.038178;0.000936;0.002633;0.005965;0.000352;0.000855;0.001788;0.013507
0.000249;0.000437;0.366654;0.000503;0.000386;0.000722;0.006116;0.538705;0.002699;0.002010;0.011092;0.000219;0.000843;0.021138;0.048228
0.000053;0.000149;0.887892;0.000443;0.000067;0.000072;0.002352;0.089106;0.000916;0.000375;0.002195;0.000051;0.000112;0.003426;0.012792
0.000209;0.000259;0.855350;0.000539;0.000343;0.000439;0.008121;0.090138;0.000668;0.001863;0.001956;0.000200;0.000535;0.003845;0.035536
0.000213;0.000253;0.944787;0.000585;0.000320;0.000402;0.010638;0.013140;0.000337;0.001996;0.001812;0.000191;0.000543;0.004351;0.020432
0.000297;0.000410;0.682175;0.000646;0.000428;0.000674;0.009538;0.244224;0.001432;0.002240;0.004892;0.000270;0.000915;0.011532;0.040329
0.000439;0.000740;0.846034;0.000953;0.000634;0.000828;0.010142;0.057246;0.001801;0.003413;0.003925;0.000395;0.001178;0.020160;0.052113
0.000440;0.001608;0.605079;0.000806;0.000982;0.001035;0.236888;0.060822;0.004773;0.003484;0.058738;0.001440;0.001827;0.001600;0.020477
0.000242;0.002804;0.756153;0.000739;0.000494;0.000456;0.178352;0.027579;0.004311;0.002664;0.009378;0.000947;0.000882;0.001616;0.013383
0.000271;0.002775;0.721143;0.000692;0.000544;0.000580;0.213320;0.027203;0.005391;0.002932;0.008888;0.000999;0.000903;0.001603;0.012754
0.000580;0.001407;0.732298;0.000903;0.001110;0.001262;0.123861;0.066987;0.009657;0.009219;0.015362;0.001076;0.001491;0.002734;0.032054
0.000437;0.001320;0.822245;0.000817;0.000841;0.001089;0.047024;0.065266;0.011993;0.007819;0.012811;0.000643;0.001050;0.002533;0.024112
0.000435;0.001215;0.813376;0.000869;0.000788;0.000849;0.075642;0.042372;0.005724;0.007878;0.010490;0.000716;0.001297;0.003386;0.034961
0.006259;0.009303;0.089728;0.001378;0.004860;0.004960;0.025901;0.077789;0.207187;0.054877;0.436146;0.007550;0.011683;0.023120;0.039259
0.011410;0.014575;0.136253;0.001950;0.016943;0.005185;0.049185;0.079737;0.094771;0.047479;0.397504;0.035595;0.051133;0.016731;0.041548
0.018775;0.008989;0.059891;0.002113;0.189424;0.010154;0.021545;0.041693;0.033908;0.207645;0.028129;0.081991;0.211588;0.008211;0.075944
0.002167;0.002373;0.307687;0.001387;0.004399;0.013268;0.211726;0.161928;0.034862;0.092491;0.114101;0.003973;0.007272;0.003999;0.038367
0.002403;0.001927;0.383722;0.001067;0.008855;0.013117;0.317947;0.055382;0.009760;0.096064;0.039846;0.009664;0.011396;0.002409;0.046439
0.002182;0.002276;0.386679;0.000952;0.007770;0.005825;0.312779;0.042084;0.008294;0.026445;0.121251;0.013789;0.013543;0.002744;0.053386
0.000114;0.000204;0.752616;0.000381;0.000224;0.000232;0.208627;0.025838;0.000391;0.001521;0.001995;0.000193;0.000255;0.000293;0.007114
0.000158;0.000297;0.747583;0.000457;0.000302;0.000269;0.202340;0.035051;0.000519;0.001106;0.003084;0.000308;0.000363;0.000435;0.007728
0.000069;0.000439;0.681925;0.000450;0.000128;0.000123;0.290899;0.013345;0.000409;0.000911;0.002868;0.000154;0.000157;0.000405;0.007719
0.000182;0.000598;0.784161;0.000528;0.000338;0.000332;0.162366;0.028811;0.002230;0.002237;0.005509;0.000571;0.000460;0.000461;0.011215
0.000219;0.001191;0.843523;0.000740;0.000365;0.000318;0.103642;0.028788;0.002289;0.001535;0.004894;0.000661;0.000574;0.000765;0.010498
0.000388;0.001514;0.765469;0.000647;0.000598;0.000694;0.146737;0.050778;0.004975;0.003702;0.010647;0.000668;0.000796;0.001240;0.011148
0.001643;0.026041;0.434895;0.002396;0.002259;0.001410;0.044590;0.106795;0.130404;0.012717;0.079054;0.004313;0.006553;0.049102;0.097828
0.000874;0.034311;0.653361;0.001978;0.001577;0.001000;0.118005;0.045295;0.063590;0.005104;0.021221;0.006897;0.003113;0.010559;0.033116
0.001077;0.009627;0.501905;0.001509;0.001786;0.001307;0.089767;0.180234;0.053669;0.005155;0.092376;0.008495;0.003533;0.005060;0.044499
0.003469;0.064805;0.282694;0.003066;0.005372;0.003357;0.117618;0.040606;0.223405;0.010839;0.129058;0.063132;0.010663;0.014033;0.027884
0.003350;0.043545;0.314587;0.003130;0.008825;0.002977;0.218847;0.026337;0.128717;0.019175;0.076687;0.066437;0.023311;0.019695;0.044380
0.003639;0.063338;0.337056;0.004001;0.007703;0.002904;0.068983;0.028132;0.141268;0.033718;0.042242;0.023140;0.028353;0.085851;0.129673
0.000525;0.000511;0.823786;0.001080;0.000900;0.000958;0.049668;0.043513;0.000725;0.003750;0.004095;0.000549;0.001336;0.001214;0.067390
0.000768;0.000954;0.754219;0.001190;0.001765;0.002149;0.042384;0.025257;0.001499;0.016742;0.008506;0.000777;0.002298;0.012505;0.128988
0.001247;0.001204;0.600319;0.001361;0.002450;0.004947;0.060971;0.145335;0.003105;0.031684;0.017037;0.001171;0.005756;0.010201;0.113212
0.000545;0.000534;0.792160;0.000982;0.000993;0.001783;0.032386;0.099823;0.001274;0.009480;0.006211;0.000542;0.001806;0.003449;0.048030
0.001131;0.001415;0.717191;0.001436;0.002496;0.003564;0.039320;0.057761;0.004664;0.017385;0.014931;0.001126;0.003713;0.027138;0.106729
0.000639;0.000863;0.706806;0.001492;0.001343;0.001469;0.038771;0.037763;0.001527;0.008914;0.003607;0.000694;0.002045;0.012356;0.181712
0.010132;0.002328;0.041009;0.002691;0.239252;0.225663;0.292897;0.004602;0.002955;0.032684;0.004293;0.006545;0.122882;0.002848;0.009219
0.000055;0.000038;0.494833;0.000417;0.001038;0.001410;0.484019;0.003143;0.000039;0.001875;0.000349;0.000060;0.002380;0.000054;0.010290
0.000156;0.000121;0.874194;0.000512;0.000344;0.001681;0.074380;0.029258;0.000132;0.002388;0.002011;0.000148;0.001234;0.000264;0.013179
0.000138;0.000079;0.487291;0.000411;0.001399;0.005034;0.470515;0.014799;0.000101;0.006620;0.001066;0.000119;0.002334;0.000110;0.009984
0.000239;0.000065;0.157067;0.000307;0.006430;0.010081;0.801519;0.004502;0.000084;0.005549;0.000640;0.000687;0.007291;0.000069;0.005471
0.003635;0.000982;0.198011;0.001457;0.035309;0.059830;0.536625;0.020280;0.001261;0.042239;0.003577;0.002545;0.066235;0.001237;0.026777
0.000098;0.000047;0.254886;0.000286;0.003748;0.007545;0.714244;0.002593;0.000056;0.007290;0.000278;0.000123;0.002417;0.000054;0.006334
0.000214;0.000053;0.078271;0.000273;0.010732;0.019897;0.873252;0.001104;0.000064;0.007430;0.000179;0.000148;0.004060;0.000063;0.004259
0.000146;0.000036;0.073496;0.000203;0.005233;0.013536;0.894098;0.001158;0.000044;0.005254;0.000230;0.000233;0.003144;0.000040;0.003149
0.000134;0.000114;0.837407;0.000479;0.000336;0.001389;0.120862;0.022151;0.000108;0.002503;0.001180;0.000122;0.000863;0.000205;0.012149
0.000483;0.000134;0.053569;0.000378;0.036840;0.019239;0.859141;0.000823;0.000164;0.006559;0.000351;0.000582;0.018279;0.000156;0.003302
0.000329;0.000108;0.222801;0.000417;0.010428;0.009371;0.725876;0.003704;0.000127;0.004381;0.000472;0.000304;0.009117;0.000131;0.012432
0.029773;0.007294;0.004656;0.767004;0.005671;0.068074;0.006542;0.035998;0.009253;0.028540;0.004443;0.004663;0.006020;0.012243;0.009826
0.000546;0.000071;0.000005;0.965211;0.000021;0.000431;0.000004;0.001703;0.000776;0.000748;0.000006;0.000010;0.000032;0.000911;0.029526
0.000317;0.002470;0.000007;0.460827;0.000046;0.000208;0.000010;0.002075;0.000376;0.001202;0.000007;0.000016;0.000041;0.002804;0.529595
0.000230;0.001461;0.000007;0.993306;0.000015;0.000192;0.000017;0.000704;0.000284;0.000728;0.000006;0.000013;0.000051;0.001010;0.001975
0.000866;0.000789;0.000008;0.983908;0.000021;0.000299;0.000017;0.000344;0.000849;0.000655;0.000012;0.000025;0.000041;0.002342;0.009823
0.001176;0.000125;0.000008;0.990676;0.000017;0.001790;0.000011;0.000220;0.000233;0.001092;0.000011;0.000024;0.000093;0.002120;0.002404
0.000235;0.002047;0.000008;0.677720;0.000012;0.000151;0.000007;0.000709;0.000896;0.001005;0.000009;0.000006;0.000020;0.023598;0.293574
0.000264;0.001330;0.000012;0.934725;0.000041;0.000075;0.000013;0.000379;0.000862;0.000458;0.000013;0.000008;0.000020;0.004370;0.057430
0.001144;0.015090;0.000037;0.886833;0.000055;0.000099;0.000040;0.002049;0.005397;0.000351;0.000031;0.000036;0.000053;0.004953;0.083832
0.000900;0.000539;0.000008;0.637415;0.000038;0.000761;0.000010;0.003639;0.001991;0.000854;0.000016;0.000011;0.000033;0.001409;0.352376
0.000070;0.000083;0.000070;0.017229;0.000025;0.000168;0.000023;0.000526;0.000105;0.000479;0.000095;0.000024;0.000027;0.012602;0.968474
0.000041;0.000033;0.000005;0.028853;0.000003;0.000075;0.000002;0.000533;0.000136;0.000173;0.000006;0.000002;0.000004;0.003170;0.966965
0.002302;0.010635;0.002173;0.171558;0.001865;0.001043;0.001308;0.003966;0.003787;0.004622;0.001876;0.001155;0.002341;0.230853;0.560516
0.004530;0.048170;0.004235;0.267410;0.003501;0.003077;0.003637;0.012145;0.009182;0.006841;0.003972;0.002731;0.004561;0.178468;0.447541
0.000128;0.001567;0.000009;0.670264;0.000013;0.000110;0.000009;0.001278;0.000814;0.000681;0.000009;0.000009;0.000017;0.003586;0.321505
0.000222;0.001926;0.000006;0.512192;0.000009;0.000113;0.000007;0.000812;0.001231;0.000555;0.000006;0.000008;0.000014;0.003419;0.479480
0.000267;0.000412;0.000007;0.984513;0.000012;0.000091;0.000008;0.000339;0.000651;0.000396;0.000006;0.000010;0.000017;0.002379;0.010894
0.000035;0.000033;0.000016;0.028792;0.000007;0.000080;0.000006;0.000453;0.000102;0.000335;0.000020;0.000006;0.000007;0.005974;0.964135
0.001614;0.009566;0.000041;0.760410;0.000135;0.000378;0.000064;0.001199;0.000867;0.001352;0.000034;0.000078;0.000175;0.018923;0.205164
0.002038;0.005204;0.000020;0.761110;0.000082;0.000673;0.000046;0.001315;0.000885;0.001619;0.000029;0.000065;0.000114;0.007477;0.219325
