0.167856;0.005543;0.000878;0.004649;0.227799;0.003762;0.000895;0.000586;0.003706;0.027632;0.000649;0.259509;0.257075;0.030375;0.009085
0.601737;0.056577;0.001638;0.021398;0.018633;0.002718;0.001713;0.001461;0.006226;0.013337;0.001398;0.034149;0.079519;0.129823;0.029675
0.679740;0.093612;0.000603;0.017941;0.004126;0.001078;0.000709;0.000733;0.007457;0.003593;0.000562;0.013142;0.018620;0.152740;0.005344
0.051298;0.001127;0.000556;0.002087;0.215038;0.003253;0.000497;0.000327;0.000971;0.009073;0.000301;0.357812;0.349362;0.005186;0.003112
0.112533;0.000542;0.000311;0.001775;0.413170;0.005490;0.000253;0.000183;0.000400;0.004893;0.000146;0.107452;0.348982;0.001691;0.002180
0.398364;0.140760;0.002516;0.014441;0.022006;0.003082;0.002607;0.002364;0.025100;0.010552;0.002152;0.077694;0.100120;0.187526;0.010717
0.285058;0.000733;0.006300;0.000813;0.216059;0.194784;0.017591;0.019872;0.001991;0.026543;0.022648;0.102074;0.098361;0.000876;0.006296
0.376625;0.003924;0.009734;0.003482;0.172710;0.020350;0.015001;0.054640;0.007176;0.014369;0.118097;0.058845;0.126186;0.004543;0.014317
0.656520;0.000746;0.002618;0.000734;0.087768;0.038099;0.004591;0.011671;0.002642;0.025119;0.033404;0.059466;0.069113;0.001228;0.006279
0.389252;0.000881;0.010556;0.000949;0.142625;0.125860;0.012532;0.009356;0.002520;0.063256;0.038136;0.054353;0.137612;0.001772;0.010339
0.477323;0.000955;0.004534;0.000895;0.080845;0.127026;0.006989;0.008889;0.005166;0.035117;0.032661;0.124457;0.088122;0.001520;0.005502
0.699244;0.000455;0.001255;0.000446;0.031171;0.114322;0.002392;0.003704;0.001859;0.010769;0.007045;0.084707;0.040038;0.000737;0.001853
0.614551;0.000917;0.001991;0.000791;0.033137;0.091911;0.003902;0.004697;0.003287;0.006235;0.019415;0.121947;0.093855;0.001206;0.002159
0.485872;0.000586;0.005090;0.000569;0.073091;0.179162;0.011614;0.015479;0.002047;0.039128;0.023672;0.078332;0.073548;0.001005;0.010805
0.476954;0.001003;0.004054;0.001030;0.089133;0.195847;0.010949;0.003321;0.001566;0.004277;0.012725;0.074772;0.119575;0.001447;0.003348
0.220809;0.001020;0.006540;0.000885;0.034406;0.449365;0.011978;0.004192;0.003242;0.016458;0.017028;0.151191;0.078043;0.001257;0.003585
0.647875;0.000601;0.001421;0.000567;0.022161;0.149431;0.003385;0.002407;0.001637;0.007421;0.007417;0.112238;0.040865;0.001040;0.001533
0.753377;0.000471;0.001469;0.000382;0.013195;0.089596;0.002756;0.003324;0.003099;0.007806;0.016826;0.074713;0.030114;0.001091;0.001781
0.339087;0.000643;0.003923;0.000649;0.179428;0.105151;0.005076;0.006411;0.002146;0.055036;0.014034;0.145475;0.135652;0.000988;0.006300
0.511200;0.001730;0.005792;0.001435;0.080672;0.037803;0.009209;0.022300;0.007327;0.024623;0.090197;0.084737;0.114945;0.002354;0.005678
0.490596;0.002798;0.000799;0.001337;0.036741;0.004509;0.000801;0.001528;0.048787;0.019929;0.001228;0.303834;0.069656;0.013186;0.004272
0.503511;0.000858;0.001822;0.000725;0.030950;0.057775;0.001274;0.004396;0.025677;0.081792;0.003616;0.226126;0.055663;0.001900;0.003916
0.641698;0.000637;0.003715;0.000558;0.038255;0.099248;0.004873;0.006018;0.004162;0.041959;0.019032;0.073344;0.060492;0.001934;0.004076
0.837942;0.000871;0.000387;0.000700;0.012243;0.010137;0.000352;0.001271;0.009995;0.056323;0.000371;0.028235;0.022191;0.011904;0.007079
0.001266;0.032908;0.792129;0.001799;0.003378;0.001130;0.056835;0.039977;0.002834;0.002690;0.035294;0.017507;0.006700;0.002043;0.003510
0.004275;0.130232;0.135384;0.005391;0.010869;0.003744;0.049056;0.402791;0.015118;0.005694;0.133953;0.067695;0.022493;0.006923;0.006382
0.021030;0.035711;0.079733;0.009218;0.039436;0.008782;0.162495;0.171588;0.010359;0.010738;0.127702;0.230950;0.073289;0.008937;0.010031
0.005245;0.174685;0.122747;0.006831;0.011345;0.003670;0.031288;0.468222;0.011743;0.005588;0.079811;0.032373;0.027874;0.011227;0.007351
0.034818;0.076968;0.040550;0.008389;0.024953;0.005203;0.036451;0.179486;0.012561;0.008544;0.451791;0.050930;0.050064;0.009945;0.009345
0.022210;0.019778;0.020215;0.003529;0.016069;0.002989;0.043711;0.058465;0.008144;0.004158;0.400753;0.327272;0.063556;0.003883;0.005269
0.246648;0.001212;0.000851;0.001655;0.133539;0.006914;0.000677;0.000404;0.003288;0.034886;0.000779;0.209908;0.328764;0.025461;0.005014
0.704152;0.000743;0.000582;0.000634;0.020764;0.006910;0.000295;0.001614;0.014327;0.172587;0.000951;0.019963;0.036432;0.016966;0.003080
0.732791;0.005152;0.000506;0.001598;0.016654;0.001905;0.000468;0.000860;0.018172;0.042639;0.000498;0.043749;0.051322;0.076909;0.006776
0.744985;0.001385;0.000570;0.000880;0.027920;0.004081;0.000474;0.000756;0.007888;0.092443;0.000562;0.065138;0.033530;0.013585;0.005803
0.783015;0.000283;0.000305;0.000249;0.006715;0.021935;0.000213;0.001808;0.014607;0.142733;0.000825;0.014188;0.009765;0.002162;0.001197
0.720610;0.001947;0.000662;0.001149;0.035397;0.004384;0.000387;0.001557;0.014079;0.112206;0.000575;0.013779;0.045318;0.038544;0.009406
0.793738;0.001498;0.000438;0.000620;0.017880;0.003217;0.000353;0.001014;0.029230;0.045333;0.001040;0.042355;0.041636;0.019671;0.001977
0.217468;0.017598;0.003788;0.004386;0.013414;0.008018;0.003143;0.009484;0.284974;0.184041;0.004524;0.022062;0.015305;0.179842;0.031955
0.628440;0.008749;0.001197;0.002135;0.031996;0.003352;0.000896;0.001958;0.036290;0.094636;0.001128;0.040385;0.067319;0.064151;0.017370
0.406426;0.003952;0.004365;0.001534;0.031986;0.005860;0.001975;0.004741;0.131886;0.091706;0.008952;0.067618;0.133648;0.089287;0.016064
0.549173;0.014873;0.001473;0.002860;0.017117;0.002386;0.001269;0.002687;0.078938;0.057122;0.001642;0.053203;0.057943;0.148038;0.011275
0.465496;0.002082;0.001059;0.000873;0.009246;0.009469;0.000929;0.002355;0.318533;0.038724;0.002414;0.102701;0.030083;0.012931;0.003106
0.427155;0.000598;0.001763;0.000633;0.043633;0.081316;0.002543;0.001910;0.002647;0.012218;0.004989;0.314748;0.102280;0.001203;0.002365
0.676656;0.000554;0.002831;0.000588;0.084279;0.113805;0.004366;0.008290;0.001123;0.014987;0.010956;0.023367;0.052223;0.000935;0.005040
0.693347;0.000738;0.002133;0.000926;0.094735;0.156264;0.003372;0.004311;0.001028;0.010743;0.003351;0.003073;0.017913;0.001251;0.006815
0.302792;0.001098;0.010567;0.001229;0.300064;0.046611;0.016271;0.020783;0.004023;0.026279;0.036268;0.069737;0.135868;0.003024;0.025386
0.721974;0.000653;0.002973;0.000606;0.049988;0.068579;0.004199;0.018355;0.003087;0.010571;0.037019;0.034168;0.042637;0.001360;0.003831
0.201482;0.000168;0.003397;0.000196;0.051640;0.618637;0.008505;0.002547;0.000469;0.036201;0.003217;0.035497;0.035401;0.000196;0.002448
0.262179;0.002320;0.006550;0.001839;0.058690;0.039538;0.016613;0.018951;0.009716;0.005990;0.114296;0.311160;0.144466;0.002639;0.005054
0.578019;0.001100;0.002713;0.000648;0.063495;0.023566;0.003993;0.008089;0.005013;0.014975;0.016109;0.190857;0.083571;0.002956;0.004893
0.114380;0.000730;0.004612;0.000892;0.524599;0.059017;0.007808;0.014315;0.001344;0.011288;0.015665;0.078599;0.162630;0.000722;0.003399
0.373411;0.000436;0.001247;0.000517;0.252860;0.097877;0.001619;0.004603;0.001987;0.032012;0.004471;0.148487;0.076502;0.000503;0.003469
0.079628;0.000661;0.002856;0.000729;0.210061;0.016368;0.010570;0.007284;0.001248;0.001964;0.033934;0.263903;0.367794;0.000600;0.002401
0.167097;0.002411;0.025729;0.002334;0.303751;0.068523;0.054519;0.039285;0.004086;0.025361;0.081317;0.054936;0.144660;0.003319;0.022674
0.832185;0.002891;0.002549;0.001043;0.019200;0.002735;0.001560;0.013212;0.015601;0.016963;0.023682;0.014997;0.030425;0.013431;0.009527
0.095725;0.001580;0.015883;0.001231;0.192143;0.011550;0.042568;0.020688;0.002728;0.007632;0.065599;0.142542;0.385674;0.002061;0.012395
0.030838;0.000801;0.018860;0.001017;0.225649;0.023095;0.163224;0.007795;0.000966;0.006400;0.016960;0.088179;0.409960;0.000887;0.005366
0.144688;0.003632;0.043798;0.003624;0.123061;0.034550;0.168720;0.026931;0.004369;0.010170;0.117242;0.043311;0.252398;0.005262;0.018244
0.023439;0.002749;0.043453;0.001242;0.045970;0.004506;0.118217;0.052086;0.003442;0.003245;0.526508;0.061431;0.102235;0.001696;0.009780
0.257842;0.049477;0.005187;0.004095;0.108051;0.001653;0.002664;0.005227;0.027992;0.017218;0.006262;0.158400;0.259599;0.080869;0.015463
0.664134;0.000567;0.000904;0.000681;0.074653;0.021990;0.000820;0.001951;0.002750;0.025331;0.001307;0.101591;0.095893;0.002502;0.004927
0.224731;0.000711;0.001795;0.000687;0.105286;0.080914;0.003137;0.002507;0.003155;0.007040;0.004751;0.369572;0.192641;0.000892;0.002181
0.695010;0.000655;0.000444;0.000427;0.032942;0.013927;0.000464;0.001998;0.008820;0.008080;0.002679;0.192912;0.038914;0.001499;0.001230
0.919616;0.003848;0.000155;0.002596;0.009372;0.000738;0.000144;0.000319;0.001443;0.006483;0.000139;0.002470;0.007453;0.028931;0.016293
0.448458;0.000580;0.000807;0.001104;0.143512;0.008085;0.000530;0.001138;0.002092;0.022560;0.000671;0.155833;0.196423;0.007999;0.010209
0.255498;0.003912;0.010247;0.002732;0.062896;0.022272;0.012744;0.013885;0.017973;0.008715;0.121112;0.219684;0.232478;0.006577;0.009275
0.496610;0.005937;0.003006;0.001526;0.098147;0.010740;0.002547;0.055646;0.061252;0.047415;0.025480;0.125666;0.055463;0.004279;0.006287
0.561957;0.000542;0.002072;0.000473;0.038905;0.085220;0.003684;0.008111;0.004800;0.052105;0.012845;0.177327;0.045920;0.001107;0.004932
0.269245;0.002829;0.008902;0.002062;0.018779;0.052121;0.007349;0.012029;0.244755;0.076019;0.068279;0.157974;0.063698;0.009040;0.006919
0.391621;0.000344;0.000492;0.000356;0.018375;0.027899;0.000408;0.001231;0.007897;0.024258;0.001117;0.474333;0.049504;0.000574;0.001591
0.486581;0.000622;0.001011;0.000689;0.049225;0.026239;0.000666;0.001028;0.004476;0.041817;0.000736;0.287395;0.090495;0.002506;0.006514
0.419540;0.000803;0.001521;0.000599;0.029154;0.033589;0.000930;0.002275;0.033056;0.023755;0.003953;0.374347;0.072063;0.002026;0.002389
0.481205;0.000618;0.002137;0.000598;0.050769;0.281465;0.002143;0.002246;0.002134;0.052501;0.004036;0.070137;0.046822;0.000881;0.002309
0.540127;0.001357;0.001032;0.000862;0.021059;0.017772;0.001007;0.002358;0.047163;0.070631;0.001652;0.254332;0.033519;0.004198;0.002929
0.348404;0.002706;0.002466;0.001376;0.063150;0.013117;0.001599;0.006953;0.134368;0.188999;0.004869;0.138921;0.069342;0.009019;0.014710
0.392595;0.000729;0.001448;0.000746;0.072041;0.099194;0.001176;0.001796;0.006824;0.053581;0.002045;0.291343;0.073104;0.001271;0.002107
0.322790;0.000539;0.001182;0.000549;0.035458;0.070329;0.001164;0.001484;0.005857;0.020274;0.002413;0.447092;0.088263;0.000954;0.001655
0.427679;0.000985;0.001569;0.000879;0.031477;0.307683;0.002312;0.001855;0.002549;0.014446;0.002552;0.163535;0.039577;0.001209;0.001693
0.432097;0.000549;0.001415;0.000501;0.032379;0.075368;0.001144;0.001362;0.006279;0.016293;0.002708;0.336229;0.090306;0.001131;0.002240
0.655010;0.000365;0.000640;0.000329;0.027214;0.140349;0.000683;0.001484;0.003161;0.022337;0.001923;0.113938;0.030816;0.000499;0.001254
0.504151;0.000459;0.000909;0.000474;0.036801;0.096106;0.000859;0.001756;0.004883;0.023190;0.001726;0.249095;0.076863;0.001011;0.001719
0.298804;0.000742;0.001957;0.000663;0.033589;0.132441;0.002000;0.002093;0.006146;0.033460;0.003627;0.414678;0.066970;0.000995;0.001835
0.264147;0.000889;0.006732;0.000816;0.032294;0.258179;0.005543;0.007118;0.016319;0.202142;0.009702;0.138874;0.047431;0.001744;0.008071
0.550348;0.000189;0.000233;0.000266;0.019647;0.033901;0.000240;0.000585;0.002912;0.011115;0.000435;0.348706;0.030449;0.000364;0.000611
0.714529;0.000453;0.000434;0.000395;0.032268;0.034444;0.000445;0.001212;0.006094;0.018071;0.000831;0.157780;0.031090;0.000894;0.001061
0.733463;0.000227;0.000579;0.000213;0.015404;0.165578;0.000529;0.001324;0.001669;0.019084;0.001081;0.041674;0.017702;0.000469;0.001003
0.660242;0.001101;0.001164;0.000773;0.018105;0.033838;0.001058;0.003245;0.042744;0.092860;0.001898;0.114230;0.023849;0.002268;0.002624
0.848491;0.000101;0.000109;0.000111;0.009284;0.036605;0.000124;0.000480;0.001126;0.005419;0.000462;0.085849;0.011393;0.000196;0.000249
0.494599;0.000752;0.002479;0.000617;0.036778;0.154700;0.002338;0.005811;0.007558;0.050221;0.006825;0.186502;0.046808;0.001160;0.002853
0.838418;0.000120;0.000322;0.000114;0.007440;0.062733;0.000320;0.003516;0.002897;0.048275;0.001603;0.023771;0.009164;0.000418;0.000888
0.098050;0.000075;0.002001;0.000102;0.045347;0.805851;0.003266;0.001775;0.000141;0.017350;0.000564;0.004332;0.020015;0.000078;0.001052
0.294091;0.000074;0.000696;0.000111;0.038264;0.621327;0.000867;0.000557;0.000123;0.013647;0.000511;0.006829;0.022128;0.000107;0.000668
0.418058;0.000219;0.002814;0.000253;0.039114;0.450559;0.003233;0.001303;0.000377;0.014710;0.001791;0.011109;0.054185;0.000497;0.001779
0.781541;0.000031;0.000057;0.000038;0.007008;0.200785;0.000048;0.000460;0.000151;0.004285;0.000131;0.002033;0.003231;0.000074;0.000127
0.459217;0.000352;0.003662;0.000348;0.014797;0.321442;0.002411;0.005385;0.003637;0.135225;0.005064;0.015176;0.027404;0.001320;0.004561
0.554798;0.000472;0.001802;0.000452;0.020304;0.239033;0.002187;0.002548;0.002543;0.031302;0.004883;0.100639;0.036472;0.000767;0.001798
0.723615;0.000407;0.000626;0.000405;0.017253;0.019120;0.000388;0.001624;0.012201;0.146073;0.000884;0.049675;0.021373;0.002121;0.004235
0.755269;0.000922;0.000391;0.000919;0.059779;0.005434;0.000372;0.000689;0.003480;0.071296;0.000337;0.051636;0.038730;0.005774;0.004970
0.272889;0.000725;0.002195;0.000701;0.021649;0.470480;0.003697;0.001492;0.001654;0.024596;0.002403;0.151885;0.042734;0.000851;0.002048
0.342153;0.000358;0.003910;0.000309;0.037521;0.493203;0.005573;0.005720;0.001724;0.022678;0.007119;0.032421;0.042754;0.000595;0.003962
0.517958;0.000549;0.002142;0.000488;0.039913;0.237793;0.004452;0.006438;0.004576;0.025091;0.009866;0.101936;0.044546;0.000905;0.003348
0.247915;0.000278;0.002283;0.000372;0.169369;0.456774;0.004108;0.001525;0.000386;0.008341;0.001610;0.014315;0.090900;0.000325;0.001498
0.028766;0.000022;0.002408;0.000046;0.045105;0.891826;0.003925;0.000462;0.000040;0.010772;0.000211;0.001525;0.014254;0.000025;0.000613
0.023275;0.000055;0.003196;0.000078;0.037360;0.910168;0.007761;0.000607;0.000078;0.002596;0.000291;0.001288;0.012711;0.000061;0.000476
0.027937;0.000203;0.008013;0.000266;0.213254;0.648819;0.017005;0.000845;0.000234;0.003707;0.000783;0.004499;0.073187;0.000201;0.001046
0.083618;0.000020;0.000611;0.000042;0.023027;0.874873;0.000810;0.000312;0.000027;0.005437;0.000124;0.001800;0.009010;0.000024;0.000263
0.048178;0.000023;0.001458;0.000046;0.032267;0.898029;0.002483;0.000407;0.000029;0.004385;0.000132;0.001281;0.010874;0.000027;0.000380
0.109966;0.000026;0.000655;0.000040;0.016806;0.839048;0.000901;0.000944;0.000100;0.019737;0.000259;0.002412;0.008650;0.000028;0.000429
0.354575;0.000803;0.001238;0.000883;0.102202;0.030253;0.000903;0.000744;0.005147;0.046606;0.000957;0.313201;0.134448;0.003262;0.004778
0.490318;0.000650;0.001983;0.000572;0.017485;0.077484;0.001591;0.004760;0.041846;0.055804;0.011908;0.257421;0.033398;0.001216;0.003563
0.771765;0.000319;0.000638;0.000330;0.019688;0.062481;0.000533;0.002041;0.006566;0.043917;0.001307;0.065012;0.022588;0.000779;0.002037
0.746527;0.000472;0.000738;0.000384;0.007854;0.031420;0.000566;0.001193;0.018828;0.035054;0.001230;0.125817;0.025890;0.002577;0.001450
0.353717;0.000422;0.001496;0.000408;0.012128;0.115420;0.001405;0.002243;0.013844;0.066445;0.002746;0.391916;0.033718;0.000767;0.003326
0.472553;0.004374;0.001784;0.002200;0.093193;0.009946;0.001415;0.002629;0.042928;0.140744;0.001562;0.102913;0.082398;0.024824;0.016537
0.000100;0.845452;0.000028;0.138426;0.000044;0.000027;0.000024;0.000292;0.002538;0.000149;0.000025;0.000051;0.000069;0.011747;0.001028
0.000193;0.809667;0.000077;0.162303;0.000087;0.000064;0.000057;0.000564;0.002442;0.000344;0.000061;0.000099;0.000139;0.021458;0.002445
0.001859;0.204506;0.000838;0.689548;0.000686;0.001029;0.000622;0.011910;0.041739;0.002376;0.000641;0.000686;0.000844;0.014329;0.028388
0.000125;0.414388;0.000022;0.550494;0.000020;0.000031;0.000016;0.000985;0.002400;0.000309;0.000018;0.000018;0.000026;0.027475;0.003673
0.000445;0.399122;0.000107;0.491849;0.000113;0.000113;0.000077;0.000982;0.003317;0.000910;0.000087;0.000100;0.000152;0.091100;0.011526
0.000971;0.463079;0.000162;0.360125;0.000198;0.000148;0.000119;0.000455;0.002520;0.000937;0.000124;0.000182;0.000289;0.161582;0.009109
0.000356;0.458201;0.000122;0.467535;0.000136;0.000105;0.000096;0.000338;0.002684;0.000471;0.000096;0.000175;0.000230;0.066655;0.002799
0.000231;0.362611;0.000078;0.406115;0.000103;0.000058;0.000062;0.000150;0.001884;0.000220;0.000057;0.000135;0.000332;0.226803;0.001159
0.000852;0.462113;0.000103;0.479409;0.000131;0.000122;0.000082;0.001359;0.004924;0.000445;0.000083;0.000120;0.000159;0.021573;0.028523
0.000379;0.441215;0.000108;0.511191;0.000127;0.000094;0.000079;0.000700;0.002479;0.000660;0.000087;0.000114;0.000170;0.030701;0.011896
0.000871;0.507500;0.000272;0.434418;0.000297;0.000230;0.000199;0.000744;0.004883;0.000741;0.000216;0.000279;0.000388;0.038499;0.010463
0.002151;0.039446;0.000075;0.897641;0.000087;0.000166;0.000058;0.000358;0.001795;0.000706;0.000060;0.000077;0.000113;0.044431;0.012837
0.001821;0.087239;0.043676;0.002912;0.002261;0.001464;0.004299;0.048707;0.110365;0.011802;0.013383;0.001984;0.002783;0.621224;0.046080
0.004294;0.214322;0.065611;0.005201;0.004981;0.003307;0.008935;0.147914;0.237482;0.008419;0.033230;0.004695;0.005829;0.215946;0.039834
0.003009;0.215633;0.019678;0.002464;0.007335;0.001617;0.004597;0.016591;0.546077;0.024843;0.012306;0.038087;0.012660;0.081151;0.013952
0.007052;0.370294;0.008776;0.003914;0.018467;0.001387;0.003592;0.003187;0.205858;0.012353;0.003852;0.220958;0.047591;0.085636;0.007084
0.004545;0.244403;0.014297;0.003399;0.007638;0.001825;0.005149;0.004789;0.361784;0.025367;0.008240;0.112719;0.024428;0.171498;0.009922
0.002935;0.149500;0.036855;0.002379;0.009764;0.001898;0.009335;0.011838;0.564176;0.032877;0.013027;0.072052;0.019539;0.060959;0.012868
0.000052;0.966531;0.000074;0.012378;0.000188;0.000014;0.000054;0.000190;0.001364;0.000040;0.000034;0.000180;0.000919;0.017798;0.000184
0.000059;0.818537;0.000037;0.164847;0.000047;0.000023;0.000030;0.000139;0.001565;0.000045;0.000028;0.000100;0.000099;0.014217;0.000229
0.001517;0.447281;0.002466;0.038547;0.002561;0.000773;0.001304;0.003589;0.014364;0.003720;0.000960;0.003101;0.008094;0.360744;0.110979
0.009781;0.120243;0.002898;0.013095;0.006042;0.001248;0.001875;0.003222;0.019730;0.014762;0.001433;0.007303;0.019035;0.678116;0.101216
0.005297;0.681117;0.001916;0.004801;0.003915;0.000759;0.000867;0.007936;0.138553;0.008493;0.001660;0.004089;0.005722;0.120288;0.014588
0.000550;0.904836;0.000842;0.006458;0.001164;0.000102;0.000283;0.008216;0.017539;0.001612;0.000256;0.001426;0.002554;0.042543;0.011620
0.000205;0.609484;0.001134;0.012052;0.000546;0.000075;0.000328;0.003440;0.008628;0.001323;0.000158;0.000649;0.001488;0.317257;0.043234
0.000083;0.887105;0.003774;0.001270;0.000610;0.000021;0.000439;0.002331;0.036011;0.000458;0.000421;0.002462;0.003207;0.059921;0.001887
0.001033;0.793267;0.000250;0.020675;0.001006;0.000063;0.000208;0.000848;0.008532;0.001218;0.000159;0.001198;0.003057;0.161078;0.007409
0.000114;0.889708;0.001942;0.002157;0.000394;0.000025;0.000215;0.005845;0.030684;0.000271;0.000475;0.001307;0.001710;0.062467;0.002685
0.000154;0.864888;0.007711;0.002293;0.000293;0.000090;0.000441;0.022354;0.032609;0.000308;0.001519;0.000434;0.000701;0.061288;0.004916
0.000230;0.841017;0.007373;0.002078;0.000559;0.000047;0.000934;0.010012;0.077484;0.000301;0.002716;0.003957;0.003832;0.046606;0.002855
0.008364;0.000811;0.003466;0.000601;0.063435;0.003168;0.006644;0.001434;0.003034;0.011244;0.003913;0.623948;0.266977;0.000589;0.002370
0.095314;0.037197;0.004708;0.007646;0.271232;0.004856;0.003223;0.005779;0.024860;0.166887;0.002298;0.088793;0.112659;0.066052;0.108495
0.007087;0.874215;0.000266;0.046338;0.001594;0.000259;0.000277;0.000584;0.007676;0.002451;0.000242;0.001373;0.003060;0.040919;0.013660
0.006784;0.814036;0.000423;0.037358;0.001262;0.000577;0.000412;0.001834;0.027192;0.003926;0.000411;0.002284;0.003642;0.059026;0.040834
0.009451;0.452607;0.001067;0.266908;0.002055;0.001317;0.000992;0.001918;0.013098;0.003499;0.000969;0.002031;0.003415;0.131499;0.109174
0.014213;0.017780;0.018930;0.001624;0.047896;0.003296;0.005732;0.008585;0.484362;0.018437;0.020827;0.205490;0.106837;0.033566;0.012426
0.000911;0.908321;0.000197;0.013203;0.000589;0.000102;0.000185;0.000677;0.016982;0.000764;0.000146;0.001569;0.002440;0.038017;0.015897
0.002840;0.884372;0.000670;0.007162;0.002207;0.000434;0.000520;0.001037;0.036450;0.004125;0.000435;0.007486;0.006795;0.023286;0.022181
0.001757;0.901438;0.000142;0.007659;0.001019;0.000087;0.000143;0.000298;0.011743;0.002090;0.000091;0.003386;0.004226;0.060289;0.005632
0.018796;0.745094;0.000761;0.018252;0.002731;0.000645;0.000668;0.003607;0.041099;0.007310;0.000804;0.004234;0.008844;0.111698;0.035456
0.060944;0.442461;0.002589;0.082900;0.008943;0.003230;0.002484;0.003856;0.015750;0.015584;0.002283;0.010413;0.020116;0.158255;0.170192
0.027635;0.638355;0.000808;0.023846;0.005572;0.001024;0.000769;0.001833;0.026895;0.013846;0.000666;0.008599;0.014282;0.182004;0.053866
0.007332;0.006095;0.010562;0.000998;0.009588;0.002567;0.003591;0.003405;0.569391;0.005308;0.065888;0.257533;0.049353;0.005787;0.002601
0.018782;0.001243;0.006559;0.000710;0.021710;0.005579;0.023672;0.002679;0.016152;0.003659;0.046268;0.615449;0.233826;0.001332;0.002379
0.009875;0.008235;0.016793;0.000979;0.015423;0.003404;0.005347;0.007626;0.457772;0.012499;0.040236;0.312194;0.090441;0.011593;0.007583
0.024433;0.016139;0.018801;0.001891;0.081425;0.002864;0.005888;0.007648;0.197862;0.064971;0.009797;0.361992;0.138645;0.026856;0.040788
0.054743;0.160113;0.003325;0.006962;0.047450;0.002694;0.002745;0.002716;0.193253;0.023551;0.003261;0.282021;0.125501;0.079543;0.012123
0.090937;0.567321;0.001339;0.034824;0.012704;0.001662;0.001389;0.003784;0.032596;0.008693;0.001324;0.009088;0.027357;0.124744;0.082238
0.000030;0.972848;0.000121;0.001687;0.000041;0.000016;0.000037;0.001173;0.009756;0.000270;0.000027;0.000063;0.000093;0.011775;0.002063
0.000125;0.961778;0.000095;0.005027;0.000102;0.000040;0.000051;0.003281;0.012316;0.000580;0.000054;0.000127;0.000207;0.013429;0.002789
0.001923;0.691908;0.010035;0.003579;0.002635;0.001261;0.002163;0.033790;0.138166;0.009515;0.002889;0.003851;0.003305;0.075664;0.019317
0.001122;0.028097;0.005143;0.000574;0.000607;0.000360;0.002097;0.586560;0.275100;0.002797;0.077969;0.003287;0.001067;0.011021;0.004200
0.005377;0.006106;0.008897;0.001644;0.002459;0.003008;0.003654;0.341283;0.250067;0.080250;0.121692;0.002419;0.003526;0.137771;0.031847
0.009739;0.073190;0.019861;0.005376;0.006010;0.004098;0.006119;0.192126;0.281971;0.015727;0.061526;0.005476;0.007350;0.267957;0.043473
0.003807;0.040570;0.010373;0.002436;0.002362;0.001610;0.003765;0.525523;0.221410;0.005584;0.102516;0.002855;0.002956;0.062479;0.011753
0.001509;0.389031;0.038703;0.003148;0.001703;0.001061;0.002418;0.307386;0.132131;0.004086;0.007815;0.001873;0.002065;0.086092;0.020976
0.000099;0.958449;0.001871;0.001174;0.000129;0.000065;0.000131;0.010188;0.016120;0.000548;0.000279;0.000188;0.000182;0.008173;0.002404
0.000812;0.829078;0.003218;0.003436;0.001008;0.000443;0.000679;0.015685;0.075368;0.002950;0.000928;0.001211;0.001496;0.050306;0.013381
0.000096;0.977900;0.000036;0.005503;0.000046;0.000016;0.000022;0.000488;0.007634;0.000216;0.000018;0.000081;0.000160;0.006614;0.001172
0.005452;0.548058;0.008793;0.005317;0.004304;0.002633;0.003038;0.026912;0.248510;0.016245;0.007398;0.009432;0.007191;0.087954;0.018763
0.001036;0.960516;0.000060;0.013413;0.000141;0.000069;0.000057;0.000374;0.014624;0.000371;0.000067;0.000241;0.000397;0.006876;0.001758
0.000489;0.972278;0.000049;0.008419;0.000145;0.000041;0.000044;0.000947;0.011000;0.000451;0.000058;0.000188;0.000287;0.003913;0.001692
0.002154;0.958478;0.000071;0.009793;0.000331;0.000069;0.000081;0.000429;0.013870;0.000795;0.000083;0.000705;0.000889;0.010490;0.001762
0.000541;0.964436;0.000072;0.003840;0.000273;0.000051;0.000068;0.001657;0.019826;0.000286;0.000086;0.000377;0.000500;0.007227;0.000760
0.000116;0.973544;0.000030;0.003440;0.000131;0.000021;0.000026;0.001184;0.015633;0.000132;0.000032;0.000176;0.000301;0.004346;0.000890
0.002719;0.655426;0.003548;0.003618;0.003901;0.000527;0.000786;0.079628;0.191655;0.003134;0.005530;0.009094;0.005597;0.027625;0.007212
0.000579;0.170790;0.000016;0.814996;0.000019;0.000035;0.000013;0.000576;0.006245;0.000158;0.000013;0.000035;0.000025;0.005811;0.000687
0.000666;0.667226;0.000107;0.120506;0.000513;0.000053;0.000077;0.000206;0.003625;0.000515;0.000055;0.000564;0.002315;0.199886;0.003684
0.003455;0.720524;0.000093;0.065301;0.000574;0.000154;0.000122;0.000467;0.007170;0.001775;0.000089;0.001244;0.003054;0.185291;0.010688
0.000184;0.901302;0.000097;0.064815;0.000140;0.000071;0.000080;0.000342;0.004968;0.000283;0.000070;0.000219;0.000307;0.017817;0.009306
0.000189;0.638182;0.000082;0.314904;0.000077;0.000098;0.000066;0.002057;0.031007;0.000243;0.000068;0.000107;0.000105;0.010243;0.002572
0.001547;0.852442;0.000118;0.095282;0.000324;0.000158;0.000116;0.000653;0.005787;0.001212;0.000114;0.000429;0.000706;0.028408;0.012703
0.000071;0.975377;0.000064;0.004744;0.000153;0.000007;0.000041;0.000328;0.002924;0.000176;0.000030;0.000186;0.000417;0.014971;0.000508
0.000262;0.753380;0.000207;0.081515;0.000253;0.000107;0.000141;0.002232;0.006571;0.000637;0.000116;0.000258;0.000582;0.119589;0.034150
0.000422;0.272952;0.000676;0.008911;0.000451;0.000073;0.000249;0.001188;0.008434;0.001909;0.000179;0.000418;0.001065;0.649524;0.053550
0.001080;0.575216;0.000583;0.039658;0.000690;0.000244;0.000330;0.003643;0.009712;0.002844;0.000310;0.000587;0.001184;0.313933;0.049987
0.000365;0.931011;0.000080;0.011384;0.000197;0.000025;0.000066;0.000244;0.004432;0.000756;0.000044;0.000330;0.000585;0.048856;0.001626
0.000861;0.888982;0.000141;0.014964;0.000505;0.000068;0.000128;0.000516;0.008280;0.000755;0.000108;0.000773;0.001538;0.075109;0.007270
0.000718;0.727955;0.000016;0.135474;0.000132;0.000020;0.000023;0.000145;0.004376;0.000413;0.000012;0.000174;0.000563;0.128187;0.001792
0.000317;0.843093;0.000013;0.050624;0.000093;0.000009;0.000016;0.000129;0.004064;0.000238;0.000008;0.000130;0.000495;0.099951;0.000821
0.000487;0.930684;0.000091;0.041843;0.000147;0.000086;0.000075;0.001111;0.005289;0.000462;0.000082;0.000124;0.000166;0.009862;0.009490
0.000038;0.990218;0.000098;0.001452;0.000071;0.000005;0.000026;0.000797;0.003620;0.000121;0.000044;0.000098;0.000135;0.003120;0.000155
0.000001;0.990516;0.000199;0.000211;0.000010;0.000001;0.000009;0.000753;0.006840;0.000013;0.000029;0.000107;0.000030;0.001216;0.000064
0.000021;0.989845;0.000012;0.002335;0.000037;0.000003;0.000010;0.000861;0.004722;0.000030;0.000009;0.000068;0.000129;0.001766;0.000152
0.000206;0.781934;0.000884;0.002502;0.000474;0.000092;0.000267;0.002315;0.018327;0.003659;0.000098;0.001307;0.001436;0.178244;0.008254
0.000113;0.975255;0.000040;0.006943;0.000062;0.000031;0.000024;0.000690;0.006095;0.000564;0.000018;0.000086;0.000123;0.006825;0.003132
0.000180;0.923285;0.000695;0.001562;0.000233;0.000091;0.000167;0.004459;0.019891;0.003359;0.000134;0.000703;0.000544;0.043675;0.001025
0.000460;0.822652;0.000294;0.003340;0.000556;0.000074;0.000170;0.000586;0.017023;0.002739;0.000083;0.002537;0.002876;0.143928;0.002682
0.000481;0.961116;0.000077;0.002531;0.000239;0.000042;0.000068;0.000180;0.007702;0.002182;0.000049;0.000937;0.000689;0.022630;0.001075
0.000246;0.950604;0.000024;0.010853;0.000088;0.000015;0.000020;0.000072;0.003775;0.000242;0.000013;0.000159;0.000478;0.032950;0.000462
0.000054;0.991391;0.000008;0.001930;0.000020;0.000004;0.000006;0.000122;0.002333;0.000203;0.000005;0.000049;0.000076;0.003729;0.000068
0.001567;0.838849;0.000169;0.014683;0.000504;0.000052;0.000156;0.000276;0.006726;0.001398;0.000155;0.000685;0.001120;0.131689;0.001971
0.000080;0.983604;0.000016;0.005121;0.000062;0.000006;0.000015;0.000075;0.002763;0.000195;0.000010;0.000110;0.000262;0.007154;0.000526
0.000789;0.916174;0.000340;0.002644;0.000440;0.000184;0.000201;0.000846;0.057335;0.001173;0.000275;0.001485;0.000940;0.016035;0.001138
0.000694;0.921265;0.000279;0.004646;0.000340;0.000144;0.000141;0.001762;0.024301;0.002539;0.000181;0.000477;0.000513;0.040604;0.002116
0.001401;0.925805;0.000132;0.016065;0.000340;0.000125;0.000120;0.001038;0.011953;0.001573;0.000133;0.000499;0.000680;0.032410;0.007726
0.003237;0.168505;0.000260;0.027330;0.001671;0.000161;0.000300;0.000187;0.005446;0.001035;0.000177;0.002559;0.007307;0.769332;0.012492
0.003132;0.322156;0.000283;0.061973;0.001655;0.000146;0.000319;0.000508;0.007900;0.000636;0.000214;0.002071;0.009862;0.581920;0.007227
0.001440;0.414619;0.006054;0.004835;0.004143;0.000351;0.001583;0.004464;0.063004;0.004193;0.000754;0.022836;0.029825;0.425201;0.016699
0.003062;0.309291;0.000366;0.005058;0.002105;0.000103;0.000302;0.000141;0.018026;0.001256;0.000155;0.008902;0.023361;0.625676;0.002197
0.004809;0.762886;0.000134;0.008355;0.000583;0.000102;0.000164;0.000315;0.019490;0.001541;0.000131;0.001447;0.002496;0.194991;0.002557
0.004923;0.565056;0.000451;0.004814;0.000959;0.000198;0.000275;0.000714;0.053347;0.003007;0.000330;0.003481;0.004697;0.352307;0.005442
0.000039;0.931497;0.000026;0.043114;0.000056;0.000009;0.000017;0.000076;0.000882;0.000034;0.000011;0.000065;0.000420;0.023618;0.000137
0.000090;0.915244;0.000075;0.061932;0.000114;0.000038;0.000057;0.000284;0.002128;0.000083;0.000044;0.000190;0.000469;0.018723;0.000528
0.000227;0.838593;0.000131;0.069485;0.000436;0.000030;0.000086;0.000307;0.001597;0.000226;0.000043;0.000396;0.003156;0.084121;0.001167
0.000363;0.757415;0.000059;0.118045;0.000360;0.000026;0.000049;0.000199;0.002717;0.000140;0.000036;0.000250;0.003403;0.116322;0.000617
0.000738;0.677378;0.000161;0.161926;0.000573;0.000093;0.000161;0.000303;0.001732;0.000200;0.000114;0.000554;0.005721;0.149397;0.000951
0.000130;0.710574;0.000048;0.142973;0.000235;0.000009;0.000026;0.000120;0.002676;0.000123;0.000015;0.000221;0.001974;0.140499;0.000378
0.004899;0.896584;0.000304;0.035006;0.000846;0.000270;0.000319;0.000453;0.007440;0.000875;0.000346;0.001618;0.002377;0.047427;0.001235
0.000760;0.968816;0.000046;0.005114;0.000128;0.000038;0.000046;0.000231;0.011045;0.000471;0.000055;0.000294;0.000345;0.012087;0.000524
0.000344;0.880812;0.000158;0.080877;0.000283;0.000109;0.000126;0.000242;0.002067;0.000189;0.000112;0.000352;0.000989;0.032758;0.000582
0.000147;0.857157;0.000086;0.026558;0.000266;0.000030;0.000066;0.000077;0.002851;0.000074;0.000044;0.000489;0.003012;0.108722;0.000421
0.000051;0.938543;0.000030;0.046213;0.000048;0.000019;0.000024;0.000077;0.001769;0.000031;0.000022;0.000097;0.000220;0.012757;0.000100
0.001317;0.424023;0.000211;0.073921;0.000858;0.000103;0.000204;0.000211;0.005104;0.000322;0.000128;0.001172;0.009714;0.480724;0.001989
0.023167;0.001103;0.028105;0.000945;0.163273;0.170981;0.067589;0.006371;0.003143;0.035932;0.017145;0.292983;0.180526;0.001133;0.007603
0.002469;0.001808;0.237701;0.001100;0.020988;0.018609;0.374555;0.043100;0.024312;0.059706;0.103772;0.055421;0.026468;0.002437;0.027553
0.040534;0.001407;0.093181;0.001275;0.163187;0.127253;0.156256;0.040198;0.005868;0.087621;0.067443;0.053934;0.139697;0.002338;0.019808
0.001572;0.000562;0.173341;0.000629;0.017798;0.068120;0.603736;0.013588;0.002004;0.033843;0.033596;0.016161;0.018491;0.000707;0.015854
0.005178;0.000830;0.110058;0.000873;0.031232;0.067030;0.492563;0.035113;0.003518;0.072730;0.050868;0.068490;0.040847;0.000978;0.019693
0.001471;0.000618;0.192327;0.000725;0.025282;0.026127;0.539851;0.017966;0.003058;0.063671;0.041272;0.032555;0.034766;0.000734;0.019577
0.000449;0.001145;0.654460;0.000596;0.000964;0.001649;0.071291;0.182397;0.007512;0.006513;0.045718;0.000542;0.001608;0.008366;0.016793
0.000504;0.001416;0.802232;0.000706;0.001297;0.001525;0.037232;0.086346;0.004273;0.004191;0.025709;0.000549;0.002251;0.013936;0.017831
0.000237;0.004795;0.904631;0.000774;0.000323;0.000281;0.025940;0.018651;0.006343;0.001501;0.016164;0.000349;0.000750;0.010907;0.008352
0.000281;0.001348;0.836407;0.000562;0.000453;0.000437;0.026299;0.078224;0.004294;0.001822;0.026444;0.000313;0.000846;0.007754;0.014517
0.000235;0.001148;0.867801;0.000682;0.000432;0.000362;0.043205;0.028595;0.003012;0.001802;0.027852;0.000312;0.001198;0.008678;0.014688
0.000144;0.001658;0.923020;0.000542;0.000201;0.000176;0.016275;0.025289;0.001456;0.000774;0.011957;0.000144;0.000543;0.009198;0.008623
0.000346;0.001139;0.843649;0.000657;0.000523;0.000565;0.037087;0.056372;0.008339;0.002784;0.014580;0.000480;0.000824;0.007318;0.025338
0.000033;0.000372;0.416967;0.000162;0.000062;0.000095;0.015915;0.549423;0.001647;0.000373;0.007736;0.000050;0.000091;0.001006;0.006068
0.000493;0.000575;0.513312;0.000554;0.001056;0.001337;0.046394;0.356895;0.002593;0.003224;0.044688;0.000467;0.001485;0.006494;0.020432
0.000233;0.001059;0.857342;0.000554;0.000396;0.000409;0.037222;0.069577;0.003242;0.001413;0.010310;0.000249;0.000666;0.006144;0.011185
0.000363;0.000880;0.792907;0.000871;0.001082;0.001103;0.044447;0.098178;0.003997;0.005388;0.006658;0.000603;0.001667;0.007921;0.033934
0.000518;0.001139;0.647152;0.000677;0.001520;0.002144;0.056814;0.202616;0.007500;0.008379;0.028351;0.000806;0.002160;0.010753;0.029469
0.000494;0.002569;0.599612;0.000791;0.001539;0.000720;0.220622;0.062983;0.003292;0.002769;0.072572;0.005191;0.004575;0.002017;0.020253
0.000699;0.001807;0.514433;0.000900;0.002264;0.001362;0.314421;0.068613;0.003851;0.004158;0.051662;0.008256;0.003361;0.001171;0.023043
0.001581;0.002005;0.362313;0.001162;0.004313;0.001823;0.317052;0.123094;0.003531;0.005048;0.117386;0.015258;0.010738;0.002109;0.032587
0.000299;0.002014;0.360599;0.000465;0.001065;0.000940;0.213444;0.169367;0.013332;0.003199;0.212484;0.004696;0.002978;0.001810;0.013307
0.001719;0.003438;0.085912;0.001170;0.003542;0.001827;0.032612;0.484172;0.025140;0.004804;0.307617;0.003034;0.004154;0.005828;0.035030
0.001097;0.019008;0.509920;0.001434;0.001584;0.000973;0.023365;0.231668;0.048810;0.003215;0.128926;0.002144;0.002462;0.010305;0.015089
0.000374;0.001737;0.599692;0.000585;0.000906;0.000777;0.126962;0.183189;0.005952;0.002705;0.052833;0.001706;0.001479;0.002184;0.018918
0.000380;0.001289;0.666573;0.000682;0.000976;0.000662;0.121547;0.118560;0.003257;0.002086;0.061240;0.001823;0.002240;0.001451;0.017234
0.000548;0.004831;0.484059;0.000587;0.000877;0.000754;0.070526;0.309697;0.013823;0.003421;0.086609;0.001682;0.001181;0.004687;0.016718
0.000911;0.017898;0.728424;0.001363;0.001293;0.000858;0.024266;0.114070;0.012722;0.003159;0.068870;0.001067;0.002018;0.012384;0.010697
0.001150;0.002669;0.392743;0.001256;0.006481;0.001653;0.399779;0.050205;0.002605;0.003869;0.073861;0.030507;0.015274;0.001259;0.016691
0.000459;0.002302;0.723098;0.000813;0.001153;0.000677;0.146258;0.058002;0.004445;0.002648;0.034599;0.002432;0.002376;0.002311;0.018427
0.000453;0.002562;0.691573;0.000820;0.001149;0.000598;0.165963;0.084646;0.002437;0.001672;0.028671;0.004448;0.002305;0.000858;0.011846
0.000366;0.002757;0.835434;0.000786;0.000641;0.000453;0.079946;0.041329;0.004049;0.001612;0.015152;0.000904;0.000848;0.001421;0.014301
0.000610;0.003556;0.726822;0.000921;0.001420;0.000779;0.127203;0.067772;0.003761;0.002174;0.037365;0.002793;0.002645;0.002560;0.019619
0.000627;0.002969;0.451514;0.000702;0.001769;0.000798;0.133374;0.270897;0.006209;0.002570;0.102429;0.009526;0.003327;0.001055;0.012236
0.000593;0.001286;0.528446;0.000727;0.001381;0.001022;0.229031;0.123539;0.002248;0.002855;0.086305;0.003894;0.003469;0.000944;0.014260
0.000245;0.003427;0.604366;0.000570;0.000454;0.000302;0.034627;0.289247;0.008279;0.001094;0.037338;0.000441;0.000743;0.004113;0.014755
0.003511;0.000864;0.238873;0.000733;0.016088;0.011910;0.354526;0.028084;0.004556;0.049635;0.180969;0.017689;0.031112;0.002879;0.058571
0.002139;0.000612;0.154318;0.000737;0.035528;0.019750;0.569434;0.015902;0.001462;0.024968;0.017056;0.082365;0.057141;0.000687;0.017900
0.002611;0.001115;0.276839;0.000926;0.010809;0.012933;0.402415;0.040423;0.006808;0.019987;0.151868;0.006852;0.020625;0.003306;0.042482
0.000427;0.000905;0.429668;0.000646;0.002052;0.002326;0.441035;0.033785;0.002704;0.003905;0.060206;0.003141;0.004416;0.001142;0.013641
0.000829;0.000919;0.414142;0.000684;0.007308;0.007820;0.451439;0.020179;0.003058;0.020873;0.022585;0.015111;0.016017;0.001471;0.017566
0.001120;0.001363;0.426345;0.000779;0.006600;0.006047;0.381297;0.049252;0.005871;0.015811;0.045019;0.019060;0.013791;0.001821;0.025825
0.001907;0.004476;0.372866;0.001623;0.015595;0.005102;0.281077;0.051250;0.039482;0.040237;0.069015;0.054619;0.028813;0.004796;0.029141
0.000739;0.006668;0.333513;0.000770;0.001404;0.001033;0.027712;0.376808;0.123192;0.014544;0.062587;0.003301;0.002403;0.011008;0.034319
0.001579;0.005626;0.302401;0.001227;0.006221;0.003215;0.141670;0.267132;0.065857;0.025896;0.088760;0.013444;0.011971;0.009091;0.055911
0.001114;0.002844;0.517363;0.001133;0.003357;0.003165;0.139168;0.122678;0.030519;0.036057;0.071832;0.004421;0.005211;0.008753;0.052386
0.004261;0.007630;0.141453;0.001430;0.018420;0.005713;0.038116;0.094871;0.243168;0.082769;0.242626;0.034161;0.026089;0.014638;0.044656
0.001636;0.002315;0.231874;0.000839;0.005244;0.007815;0.080467;0.206845;0.063399;0.030552;0.309305;0.009966;0.009605;0.005853;0.034286
0.002019;0.002434;0.327083;0.001144;0.008952;0.009925;0.201943;0.197368;0.035060;0.044499;0.092581;0.013705;0.018521;0.005441;0.039325
0.001671;0.004011;0.243037;0.001125;0.008010;0.005102;0.151279;0.108865;0.042359;0.021894;0.352660;0.027355;0.011720;0.003308;0.017604
0.000582;0.002145;0.663030;0.000904;0.001031;0.001190;0.102486;0.135815;0.017910;0.014805;0.013106;0.001334;0.001464;0.007479;0.036721
0.000677;0.003634;0.728676;0.000984;0.001376;0.001246;0.132083;0.063279;0.012954;0.006025;0.019677;0.002252;0.002501;0.006441;0.018196
0.000570;0.005711;0.576597;0.000880;0.001199;0.000933;0.079704;0.211271;0.040664;0.008389;0.035840;0.002883;0.001913;0.006892;0.026556
0.000699;0.003651;0.729006;0.001108;0.001293;0.001010;0.139625;0.064180;0.012803;0.004454;0.013452;0.001743;0.002242;0.006263;0.018472
0.001058;0.007382;0.497430;0.001119;0.002941;0.002191;0.189342;0.145164;0.036030;0.010739;0.050231;0.008927;0.006278;0.008862;0.032305
0.000745;0.004534;0.398941;0.000775;0.001768;0.001451;0.077181;0.330946;0.063846;0.014490;0.063181;0.006017;0.002750;0.006267;0.027110
0.000360;0.007322;0.748477;0.000822;0.000589;0.000446;0.038022;0.096171;0.034278;0.001782;0.052344;0.001208;0.001042;0.004951;0.012185
0.000463;0.003557;0.641241;0.000721;0.000753;0.000787;0.055625;0.207961;0.024872;0.004461;0.021303;0.001117;0.001260;0.009968;0.025910
0.000838;0.006810;0.491329;0.000899;0.001664;0.001222;0.046127;0.220039;0.077265;0.009750;0.106317;0.003397;0.003458;0.008343;0.022543
0.000644;0.003584;0.589701;0.000975;0.002335;0.001512;0.218898;0.061367;0.020103;0.006539;0.048734;0.011850;0.005194;0.002822;0.025742
0.000230;0.000782;0.724438;0.000681;0.000487;0.000521;0.199419;0.049219;0.001957;0.002602;0.004199;0.000720;0.000752;0.001180;0.012813
0.000307;0.000987;0.772349;0.000470;0.000455;0.000499;0.093071;0.115232;0.001629;0.001472;0.004739;0.000418;0.000523;0.000835;0.007014
0.000343;0.001150;0.801302;0.000562;0.000549;0.000555;0.104433;0.061984;0.002700;0.001791;0.011595;0.000526;0.000721;0.001207;0.010583
0.000467;0.003388;0.766112;0.000777;0.000876;0.000638;0.156150;0.046636;0.002779;0.001553;0.011132;0.001294;0.001242;0.001322;0.005634
0.000167;0.009406;0.485947;0.000420;0.000266;0.000182;0.016071;0.431232;0.009081;0.000786;0.036729;0.000595;0.000473;0.002820;0.005823
0.000290;0.003085;0.705453;0.000594;0.000446;0.000380;0.086437;0.163767;0.010664;0.001281;0.013895;0.000715;0.000631;0.002277;0.010085
0.001117;0.082259;0.445667;0.001868;0.001762;0.001226;0.060811;0.050440;0.204159;0.005364;0.095538;0.007864;0.002926;0.025272;0.013727
0.002137;0.017509;0.243143;0.001820;0.007098;0.003217;0.098105;0.069629;0.274735;0.028273;0.122852;0.068764;0.014556;0.013004;0.035157
