0.348815;0.037364;0.001023;0.014198;0.010171;0.001313;0.000981;0.001059;0.008675;0.008103;0.000848;0.011577;0.064862;0.459200;0.031811
0.397307;0.026364;0.002767;0.152627;0.008513;0.004478;0.003314;0.003514;0.007716;0.021260;0.002349;0.008936;0.019892;0.212412;0.128549
0.192327;0.020028;0.003007;0.005828;0.072838;0.006474;0.002600;0.002732;0.024853;0.128252;0.002058;0.032151;0.166238;0.304187;0.036426
0.254137;0.001368;0.000535;0.002025;0.283253;0.012012;0.000582;0.000543;0.001339;0.032717;0.000408;0.064766;0.331907;0.010929;0.003480
0.037429;0.000497;0.003480;0.000486;0.264012;0.359413;0.006264;0.000958;0.000684;0.032531;0.001180;0.110518;0.179752;0.000537;0.002258
0.075388;0.001298;0.002956;0.001199;0.166229;0.402917;0.005333;0.001515;0.002053;0.037895;0.002443;0.123372;0.172954;0.001582;0.002866
0.528761;0.000314;0.001710;0.000247;0.065591;0.263116;0.003541;0.005155;0.000585;0.014028;0.004897;0.061402;0.048232;0.000557;0.001864
0.440114;0.000874;0.005380;0.000788;0.144572;0.264146;0.008743;0.014556;0.001141;0.009435;0.012191;0.015084;0.075062;0.001513;0.006400
0.225945;0.001573;0.007540;0.001544;0.247107;0.347047;0.013462;0.014896;0.001873;0.007848;0.008050;0.020998;0.095544;0.001830;0.004742
0.515188;0.000790;0.002527;0.000515;0.067586;0.163293;0.007854;0.008976;0.001057;0.003247;0.018473;0.118978;0.088045;0.001088;0.002383
0.109068;0.000697;0.011656;0.000568;0.143374;0.252192;0.043348;0.005536;0.000940;0.020810;0.013242;0.258854;0.134769;0.000814;0.004131
0.115602;0.000438;0.011693;0.000389;0.205815;0.414449;0.029954;0.006216;0.000755;0.031593;0.007304;0.065105;0.104962;0.000651;0.005073
0.276342;0.000286;0.002343;0.000263;0.075571;0.542314;0.003169;0.001527;0.000443;0.022363;0.001817;0.012241;0.059569;0.000456;0.001296
0.398824;0.000824;0.003161;0.000580;0.032624;0.357993;0.006932;0.005103;0.003141;0.042587;0.011085;0.090000;0.044094;0.001137;0.001915
0.358081;0.001989;0.007863;0.000618;0.081114;0.053717;0.009049;0.013196;0.003382;0.016818;0.038074;0.248923;0.160137;0.002095;0.004946
0.086258;0.001137;0.012012;0.000579;0.085253;0.061058;0.045443;0.013266;0.001855;0.009808;0.045945;0.450831;0.180657;0.001152;0.004746
0.291251;0.000285;0.004265;0.000286;0.105390;0.439949;0.014807;0.002582;0.000387;0.023702;0.003179;0.029052;0.083333;0.000362;0.001169
0.146470;0.001712;0.013007;0.000821;0.149459;0.183493;0.033186;0.008067;0.003831;0.021294;0.030774;0.233111;0.166702;0.002590;0.005485
0.270220;0.033128;0.004280;0.024266;0.043930;0.005326;0.004254;0.003541;0.010301;0.020023;0.003534;0.019379;0.110892;0.200259;0.246667
0.348428;0.010784;0.004250;0.023062;0.082254;0.009612;0.004315;0.003831;0.007208;0.032704;0.003482;0.032470;0.247150;0.114083;0.076366
0.384963;0.018620;0.003012;0.010664;0.071444;0.006018;0.003120;0.003030;0.007814;0.059378;0.002416;0.024120;0.127813;0.184335;0.093251
0.453118;0.047975;0.002481;0.018403;0.020223;0.003286;0.002481;0.002863;0.011105;0.011101;0.002126;0.033413;0.087299;0.207045;0.097082
0.232242;0.023059;0.001986;0.118917;0.004489;0.004477;0.002047;0.004053;0.012011;0.016474;0.001686;0.003216;0.007076;0.059283;0.508984
0.138958;0.010537;0.001585;0.003821;0.224735;0.002970;0.001695;0.001527;0.007304;0.019836;0.001282;0.090554;0.418521;0.052728;0.023949
0.622863;0.006074;0.000944;0.001209;0.067765;0.007409;0.001024;0.001739;0.040880;0.034829;0.001239;0.082075;0.082138;0.044144;0.005666
0.781743;0.003882;0.000419;0.000913;0.026847;0.005298;0.000437;0.000936;0.018102;0.040959;0.000461;0.021459;0.046410;0.048312;0.003821
0.129561;0.070238;0.003563;0.003420;0.017235;0.005275;0.003150;0.006129;0.460013;0.028062;0.005362;0.034020;0.030332;0.189297;0.014345
0.537099;0.008100;0.001676;0.001542;0.014755;0.007186;0.001968;0.002858;0.228272;0.009799;0.003496;0.127966;0.033290;0.018672;0.003321
0.773804;0.006821;0.000336;0.001334;0.014936;0.003739;0.000355;0.000831;0.017808;0.018507;0.000335;0.014473;0.036554;0.106001;0.004165
0.295202;0.005070;0.000810;0.001058;0.111250;0.007055;0.000930;0.000928;0.016752;0.043519;0.001006;0.319824;0.164609;0.026913;0.005074
0.373548;0.002532;0.001637;0.000882;0.013601;0.022214;0.002001;0.007423;0.136402;0.012414;0.012874;0.377028;0.032782;0.002359;0.002303
0.354832;0.014396;0.001201;0.001167;0.024243;0.004979;0.001019;0.003012;0.333467;0.081667;0.001891;0.045376;0.035282;0.083190;0.014279
0.224143;0.098721;0.003342;0.014545;0.016096;0.003711;0.003105;0.004222;0.063779;0.026549;0.003016;0.008714;0.034552;0.321038;0.174466
0.193658;0.003035;0.000836;0.001995;0.293699;0.007258;0.001000;0.000992;0.005292;0.064727;0.000712;0.172746;0.230249;0.017209;0.006592
0.360534;0.001813;0.000386;0.001009;0.108420;0.005019;0.000492;0.000770;0.003470;0.007658;0.000451;0.340941;0.161291;0.006113;0.001635
0.343370;0.003170;0.001693;0.000928;0.011341;0.015376;0.001939;0.004228;0.141004;0.015989;0.013274;0.409313;0.033428;0.002656;0.002292
0.465366;0.003600;0.000390;0.000454;0.005316;0.003223;0.000398;0.003108;0.431467;0.025154;0.001256;0.013964;0.009435;0.033468;0.003399
0.270727;0.005722;0.000410;0.000446;0.006998;0.003411;0.000456;0.001913;0.632794;0.015936;0.001800;0.023604;0.012077;0.020483;0.003223
0.450873;0.048291;0.000744;0.002242;0.012645;0.001658;0.000679;0.004404;0.153487;0.017770;0.000939;0.014882;0.039678;0.229880;0.021826
0.142423;0.006684;0.001921;0.001165;0.011906;0.008077;0.001563;0.008217;0.615338;0.101848;0.005444;0.021802;0.021676;0.039762;0.012173
0.857672;0.001673;0.000295;0.000245;0.008019;0.006872;0.000313;0.001064;0.045733;0.004542;0.000839;0.044602;0.019631;0.007382;0.001118
0.250429;0.091257;0.000791;0.009606;0.006783;0.000847;0.000722;0.001157;0.009532;0.005574;0.000684;0.002933;0.020816;0.586986;0.011883
0.066536;0.024347;0.000738;0.032180;0.002328;0.001077;0.000721;0.002362;0.007020;0.009481;0.000693;0.002318;0.010330;0.343248;0.496621
0.191501;0.109933;0.001098;0.012843;0.007688;0.001069;0.000975;0.000895;0.014333;0.010258;0.000907;0.013121;0.038119;0.548554;0.048706
0.469351;0.016833;0.001469;0.003260;0.060934;0.002955;0.001460;0.001425;0.014532;0.014020;0.001291;0.061867;0.158764;0.178687;0.013153
0.284677;0.033766;0.003508;0.010859;0.109918;0.004843;0.003364;0.003396;0.011716;0.039203;0.002826;0.027216;0.185014;0.228746;0.050948
0.612225;0.021010;0.001953;0.014965;0.017555;0.003390;0.001932;0.002518;0.008482;0.018559;0.001645;0.008124;0.034996;0.185064;0.067583
0.088198;0.030148;0.002013;0.035328;0.010053;0.002320;0.002152;0.002191;0.006841;0.037192;0.001588;0.007317;0.020499;0.079950;0.674210
0.050900;0.000346;0.015627;0.000413;0.441160;0.276561;0.049014;0.005640;0.000420;0.023155;0.003877;0.017106;0.111516;0.000399;0.003867
0.221462;0.000552;0.005182;0.000557;0.194953;0.472713;0.008963;0.004194;0.000648;0.013890;0.003015;0.005727;0.064825;0.000796;0.002522
0.828940;0.000713;0.000706;0.000178;0.014581;0.027765;0.000503;0.004510;0.004894;0.006170;0.006745;0.076534;0.023810;0.001772;0.002178
0.583647;0.000927;0.003793;0.000486;0.064726;0.038802;0.006914;0.035907;0.002824;0.009674;0.030864;0.138021;0.075972;0.001409;0.006035
0.570234;0.001843;0.004686;0.001215;0.084779;0.075515;0.011374;0.035844;0.002486;0.004410;0.046837;0.075913;0.077415;0.002185;0.005265
0.316175;0.002226;0.000611;0.001189;0.183365;0.006472;0.000620;0.000912;0.003066;0.009737;0.000514;0.219427;0.236626;0.014433;0.004626
0.036586;0.002492;0.000700;0.000469;0.004171;0.003252;0.000517;0.011245;0.880777;0.015618;0.007578;0.007767;0.006581;0.018409;0.003837
0.240642;0.002474;0.002569;0.000364;0.017753;0.013439;0.002295;0.006055;0.033120;0.014877;0.026902;0.566916;0.063482;0.003217;0.005894
0.547221;0.001859;0.001983;0.001033;0.008798;0.047480;0.002227;0.006995;0.094859;0.048677;0.007701;0.210016;0.016354;0.002195;0.002601
0.824375;0.000368;0.000160;0.000139;0.012215;0.011953;0.000166;0.000710;0.009449;0.008129;0.000279;0.106665;0.024079;0.000919;0.000394
0.863905;0.000505;0.000081;0.000063;0.000784;0.005537;0.000079;0.001143;0.104365;0.011144;0.000673;0.006291;0.001765;0.003335;0.000330
0.728878;0.003924;0.000176;0.000345;0.006983;0.002828;0.000185;0.001838;0.186599;0.013745;0.000575;0.016904;0.009159;0.025669;0.002192
0.935464;0.000451;0.000319;0.000117;0.001792;0.010929;0.000305;0.003584;0.014290;0.008393;0.009526;0.002320;0.003489;0.007596;0.001425
0.850772;0.002869;0.000083;0.001807;0.007309;0.001035;0.000076;0.000256;0.001056;0.001320;0.000096;0.001656;0.015047;0.113515;0.003103
0.478711;0.017778;0.002408;0.031700;0.007797;0.004085;0.002234;0.003714;0.010765;0.020447;0.002200;0.004495;0.014500;0.102663;0.296505
0.709738;0.003206;0.000502;0.001348;0.081278;0.003592;0.000508;0.000695;0.006427;0.034524;0.000516;0.029159;0.082558;0.036885;0.009064
0.653573;0.008332;0.002098;0.013262;0.020234;0.007166;0.001977;0.003121;0.005613;0.041318;0.001717;0.005785;0.034763;0.115136;0.085905
0.365975;0.014061;0.003350;0.014277;0.008137;0.010779;0.003024;0.008953;0.028771;0.036314;0.003082;0.006332;0.011107;0.205984;0.279853
0.541075;0.000854;0.000454;0.000243;0.012036;0.021066;0.000448;0.000921;0.029156;0.007420;0.001205;0.350552;0.032016;0.001685;0.000867
0.570673;0.000951;0.001289;0.000281;0.019067;0.051480;0.000874;0.002418;0.013531;0.015305;0.004691;0.263882;0.051914;0.002028;0.001616
0.159799;0.000655;0.000373;0.000154;0.004716;0.008599;0.000472;0.000957;0.024260;0.002004;0.001568;0.763800;0.030978;0.001210;0.000455
0.788073;0.000529;0.000783;0.000187;0.005831;0.079561;0.000622;0.003508;0.027385;0.017750;0.004300;0.060414;0.008879;0.001242;0.000937
0.411718;0.001055;0.001264;0.000411;0.027350;0.037619;0.001000;0.001594;0.020276;0.024784;0.001710;0.410326;0.056014;0.002685;0.002193
0.226247;0.001362;0.000864;0.000532;0.020780;0.011294;0.000905;0.001459;0.040353;0.025441;0.001145;0.619415;0.046096;0.002354;0.001753
0.294271;0.000329;0.001537;0.000290;0.034160;0.573064;0.001592;0.001872;0.000931;0.026420;0.002038;0.028505;0.033539;0.000412;0.001041
0.530661;0.000591;0.001407;0.000276;0.017028;0.092063;0.001078;0.001621;0.009647;0.020351;0.003924;0.276320;0.042287;0.001203;0.001543
0.405159;0.000600;0.000527;0.000228;0.024200;0.030164;0.000390;0.000828;0.008767;0.015916;0.000745;0.473736;0.036677;0.000904;0.001158
0.467395;0.003273;0.001057;0.000834;0.020135;0.008175;0.001234;0.001534;0.064052;0.007288;0.001871;0.375618;0.041921;0.003926;0.001687
0.582925;0.001381;0.001024;0.000553;0.012620;0.025133;0.001126;0.004459;0.084265;0.017876;0.004944;0.239310;0.021311;0.001590;0.001483
0.479132;0.000556;0.001874;0.000380;0.017462;0.296951;0.002358;0.003587;0.006027;0.038541;0.003965;0.116374;0.030292;0.001084;0.001417
0.498728;0.000370;0.002458;0.000336;0.015316;0.333613;0.004738;0.001195;0.000800;0.029476;0.002709;0.077524;0.030570;0.000644;0.001521
0.794576;0.000163;0.000523;0.000104;0.007563;0.111625;0.000497;0.001322;0.001928;0.038446;0.001189;0.032157;0.008679;0.000540;0.000690
0.505847;0.000723;0.001498;0.000653;0.020960;0.290193;0.002664;0.002032;0.001621;0.011740;0.003422;0.129992;0.026209;0.000869;0.001576
0.367222;0.000140;0.000739;0.000103;0.032999;0.553930;0.000936;0.001128;0.000309;0.010585;0.000874;0.010382;0.019645;0.000283;0.000723
0.105341;0.000040;0.000226;0.000061;0.040137;0.835952;0.000420;0.000198;0.000045;0.003041;0.000101;0.001302;0.012958;0.000045;0.000132
0.521369;0.000044;0.000221;0.000042;0.005816;0.451011;0.000283;0.000411;0.000112;0.005590;0.000334;0.004917;0.009481;0.000163;0.000206
0.364756;0.000944;0.004958;0.000512;0.049987;0.404979;0.004982;0.006235;0.007294;0.043478;0.013746;0.047905;0.045673;0.001640;0.002911
0.507088;0.000272;0.000666;0.000187;0.025033;0.391188;0.000970;0.003051;0.001217;0.008181;0.003022;0.033173;0.025096;0.000355;0.000500
0.044562;0.000029;0.000888;0.000041;0.031455;0.900898;0.001381;0.000280;0.000033;0.003307;0.000156;0.002008;0.014748;0.000029;0.000184
0.088043;0.000124;0.001949;0.000127;0.062811;0.780036;0.004167;0.000788;0.000173;0.008648;0.000782;0.011571;0.040022;0.000134;0.000627
0.372608;0.001882;0.003053;0.001721;0.022597;0.321770;0.005142;0.002797;0.003729;0.010161;0.004577;0.200665;0.044000;0.002223;0.003076
0.573127;0.000392;0.000618;0.000245;0.015936;0.075938;0.000586;0.000916;0.005298;0.022610;0.001048;0.270005;0.030717;0.000824;0.001741
0.007975;0.283522;0.007167;0.004030;0.005459;0.003402;0.003427;0.048757;0.278454;0.019440;0.007563;0.007956;0.010509;0.238606;0.073733
0.000485;0.781330;0.000401;0.001433;0.000305;0.000111;0.000186;0.003490;0.039656;0.000884;0.000189;0.000558;0.001398;0.165760;0.003813
0.000481;0.695409;0.000201;0.006217;0.000269;0.000044;0.000177;0.000615;0.016691;0.001038;0.000108;0.000284;0.000962;0.270479;0.007025
0.004046;0.247008;0.005790;0.002558;0.003337;0.001860;0.002078;0.015203;0.182909;0.016988;0.004291;0.004672;0.007021;0.405290;0.096950
0.001117;0.805880;0.000272;0.015573;0.000419;0.000110;0.000159;0.004183;0.022970;0.000710;0.000235;0.000250;0.001152;0.131430;0.015537
0.000670;0.861824;0.000350;0.005575;0.000371;0.000167;0.000190;0.012224;0.024401;0.001368;0.000239;0.000274;0.001055;0.076965;0.014327
0.000646;0.910167;0.000102;0.035810;0.000230;0.000059;0.000111;0.000904;0.007877;0.000397;0.000083;0.000198;0.000435;0.039516;0.003466
0.000076;0.974516;0.000012;0.018692;0.000032;0.000008;0.000015;0.000062;0.001126;0.000049;0.000009;0.000023;0.000049;0.005227;0.000105
0.000071;0.974305;0.000023;0.004757;0.000045;0.000005;0.000024;0.000200;0.002693;0.000115;0.000012;0.000039;0.000107;0.016907;0.000697
0.052885;0.368976;0.001327;0.265722;0.003740;0.001517;0.001818;0.002194;0.015616;0.003654;0.001142;0.004226;0.007133;0.237269;0.032779
0.020185;0.344675;0.000263;0.002826;0.002988;0.000215;0.000180;0.000525;0.062929;0.001904;0.000299;0.004206;0.013391;0.540488;0.004927
0.008485;0.459340;0.003851;0.003290;0.007491;0.001385;0.002298;0.067195;0.191725;0.008546;0.002489;0.014304;0.027512;0.134938;0.067151
0.049038;0.334297;0.003709;0.016944;0.033088;0.003833;0.003405;0.007340;0.034715;0.054578;0.002804;0.017765;0.088952;0.179982;0.169549
0.037445;0.022115;0.002962;0.001146;0.114177;0.002549;0.002558;0.002361;0.021665;0.035351;0.001964;0.456933;0.265657;0.022039;0.011076
0.016360;0.006034;0.006811;0.000414;0.100737;0.002367;0.004960;0.010834;0.006915;0.011361;0.008864;0.576724;0.240095;0.001424;0.006100
0.012727;0.017140;0.005110;0.002826;0.275886;0.002378;0.003672;0.007181;0.005752;0.045315;0.001116;0.106835;0.341547;0.037799;0.134714
0.008527;0.013433;0.017100;0.001449;0.006877;0.002994;0.007826;0.138982;0.125483;0.025476;0.026484;0.014033;0.017107;0.056625;0.537603
0.005965;0.016871;0.021259;0.001439;0.010072;0.002461;0.012441;0.031171;0.124910;0.051059;0.007580;0.023444;0.021476;0.079783;0.590069
0.072347;0.435497;0.002365;0.023775;0.022523;0.001931;0.002222;0.004561;0.021303;0.008108;0.001855;0.016294;0.090232;0.217849;0.079139
0.036931;0.663722;0.001600;0.051397;0.005900;0.001252;0.001844;0.001945;0.013600;0.005678;0.001301;0.006063;0.017806;0.142413;0.048547
0.430581;0.067752;0.003384;0.049499;0.037973;0.003686;0.003442;0.003684;0.007947;0.019655;0.002691;0.019713;0.136160;0.119473;0.094359
0.128110;0.197725;0.004782;0.029759;0.037377;0.004543;0.004680;0.009622;0.021382;0.021748;0.004006;0.033795;0.170200;0.150881;0.181390
0.031918;0.080678;0.000962;0.153613;0.002165;0.001576;0.001070;0.002370;0.007349;0.011901;0.000857;0.002053;0.005629;0.189662;0.508198
0.039281;0.455664;0.001489;0.341866;0.003209;0.001526;0.001639;0.003040;0.016542;0.003877;0.001356;0.003194;0.006400;0.079157;0.041758
0.105889;0.187016;0.002026;0.031215;0.016109;0.002024;0.002040;0.002424;0.016709;0.018343;0.001580;0.014674;0.049371;0.402135;0.148445
0.027798;0.757933;0.000897;0.044498;0.002858;0.000743;0.001125;0.003276;0.026077;0.004359;0.000770;0.003209;0.009482;0.090764;0.026210
0.122446;0.179308;0.002374;0.315595;0.006324;0.002800;0.002668;0.004319;0.013162;0.005738;0.002208;0.006497;0.013976;0.162279;0.160304
0.024887;0.379739;0.003398;0.161691;0.005758;0.003833;0.003287;0.010831;0.023528;0.008933;0.003110;0.005554;0.010592;0.066231;0.288628
0.080373;0.271724;0.003547;0.040298;0.016536;0.003477;0.003482;0.006198;0.020345;0.023053;0.002908;0.016960;0.067134;0.165087;0.278877
0.003730;0.650022;0.001082;0.018361;0.001847;0.000572;0.000851;0.003433;0.018730;0.003856;0.000721;0.001819;0.007157;0.180399;0.107420
0.004116;0.470004;0.004629;0.001645;0.002818;0.000866;0.001256;0.136197;0.275562;0.005370;0.006189;0.007185;0.009855;0.059176;0.015131
0.003194;0.666189;0.000612;0.002093;0.001524;0.000406;0.000420;0.072167;0.187373;0.001229;0.001086;0.002373;0.005810;0.042174;0.013350
0.006381;0.215279;0.005381;0.001494;0.003879;0.001668;0.002118;0.021563;0.594449;0.016069;0.010879;0.018881;0.007835;0.079589;0.014535
0.001748;0.946042;0.000158;0.016832;0.000325;0.000099;0.000162;0.000588;0.015391;0.000769;0.000155;0.000342;0.000616;0.014628;0.002146
0.007305;0.894704;0.000487;0.027192;0.001029;0.000420;0.000433;0.002836;0.031117;0.001898;0.000516;0.000831;0.001916;0.022080;0.007236
0.009268;0.885362;0.000567;0.041433;0.001562;0.000447;0.000640;0.001260;0.023513;0.001385;0.000598;0.001620;0.002305;0.025054;0.004988
0.006271;0.419082;0.003656;0.006120;0.004979;0.002420;0.002425;0.148052;0.158579;0.007509;0.003670;0.004948;0.007882;0.119872;0.104534
0.050088;0.361135;0.000689;0.011013;0.005339;0.000621;0.000584;0.001986;0.039557;0.007897;0.000564;0.003105;0.018609;0.451569;0.047245
0.029128;0.539079;0.002129;0.120782;0.005430;0.001713;0.002185;0.002276;0.016774;0.004466;0.002106;0.004301;0.007244;0.251483;0.010904
0.005728;0.833616;0.000250;0.002640;0.000648;0.000162;0.000191;0.001157;0.034917;0.001621;0.000230;0.000889;0.001931;0.114856;0.001163
0.002412;0.926805;0.000289;0.004205;0.000631;0.000244;0.000272;0.001854;0.044975;0.001015;0.000303;0.000741;0.001165;0.013129;0.001961
0.001073;0.952765;0.000152;0.004609;0.000258;0.000112;0.000133;0.001503;0.024097;0.001050;0.000162;0.000270;0.000529;0.012255;0.001033
0.020906;0.814890;0.000828;0.011234;0.002184;0.000753;0.000769;0.003505;0.068562;0.002409;0.000861;0.002398;0.004595;0.061630;0.004474
0.002776;0.868714;0.000399;0.002747;0.001442;0.000236;0.000274;0.023162;0.055893;0.001126;0.000398;0.001407;0.007066;0.018544;0.015815
0.001039;0.879027;0.000404;0.003249;0.000758;0.000208;0.000277;0.037499;0.033445;0.000731;0.000394;0.000564;0.002442;0.023616;0.016348
0.007628;0.752223;0.000755;0.137111;0.001567;0.000623;0.000784;0.001670;0.015488;0.001958;0.000690;0.001416;0.002606;0.060152;0.015330
0.004985;0.921313;0.000360;0.008318;0.000778;0.000263;0.000327;0.000762;0.035541;0.001568;0.000364;0.000879;0.001256;0.021469;0.001816
0.014280;0.737734;0.001311;0.004254;0.003093;0.001194;0.001054;0.004072;0.101525;0.005295;0.001419;0.003771;0.005353;0.110606;0.005040
0.000137;0.621272;0.000016;0.362907;0.000029;0.000026;0.000014;0.000818;0.003748;0.000205;0.000014;0.000018;0.000033;0.007489;0.003272
0.000143;0.895686;0.000006;0.086407;0.000014;0.000012;0.000005;0.001136;0.011113;0.000094;0.000005;0.000008;0.000013;0.004079;0.001280
0.000100;0.980132;0.000005;0.014340;0.000014;0.000002;0.000006;0.000068;0.002578;0.000037;0.000004;0.000011;0.000023;0.002611;0.000071
0.000410;0.950054;0.000128;0.009928;0.000223;0.000036;0.000092;0.000454;0.007262;0.000637;0.000107;0.000167;0.000510;0.026950;0.003043
0.000745;0.669430;0.000034;0.279088;0.000049;0.000086;0.000031;0.006269;0.033017;0.000256;0.000031;0.000048;0.000058;0.006545;0.004314
0.000133;0.951141;0.000029;0.012393;0.000045;0.000009;0.000019;0.000517;0.003381;0.000253;0.000021;0.000028;0.000140;0.030125;0.001768
0.000534;0.517751;0.000018;0.464339;0.000031;0.000042;0.000016;0.000299;0.008887;0.000190;0.000016;0.000025;0.000029;0.007608;0.000215
0.017774;0.337662;0.000887;0.520066;0.001621;0.001016;0.000925;0.002173;0.015902;0.002278;0.000812;0.001521;0.003091;0.075407;0.018863
0.000206;0.885325;0.000015;0.100319;0.000024;0.000015;0.000013;0.000523;0.004729;0.000136;0.000013;0.000018;0.000033;0.007789;0.000843
0.000468;0.913732;0.000098;0.000857;0.000172;0.000024;0.000065;0.000850;0.015316;0.000653;0.000060;0.000454;0.001651;0.064580;0.001021
0.024716;0.174482;0.006014;0.001754;0.011336;0.001574;0.002265;0.021808;0.472931;0.017668;0.009733;0.044402;0.047044;0.151643;0.012630
0.008782;0.128736;0.054976;0.002824;0.005764;0.003759;0.014610;0.030167;0.405609;0.060275;0.047387;0.038068;0.025460;0.150477;0.023104
0.000082;0.984121;0.000016;0.009644;0.000025;0.000005;0.000010;0.000212;0.002347;0.000071;0.000012;0.000017;0.000060;0.002776;0.000603
0.000023;0.995055;0.000012;0.000176;0.000010;0.000001;0.000005;0.000332;0.003273;0.000017;0.000010;0.000027;0.000068;0.000955;0.000035
0.000021;0.996809;0.000007;0.000160;0.000008;0.000001;0.000004;0.000115;0.001979;0.000010;0.000009;0.000020;0.000053;0.000789;0.000016
0.000088;0.991063;0.000023;0.001258;0.000049;0.000003;0.000018;0.000158;0.003080;0.000031;0.000020;0.000048;0.000142;0.003970;0.000048
0.000043;0.986823;0.000026;0.009068;0.000084;0.000006;0.000029;0.000023;0.000382;0.000027;0.000015;0.000050;0.000105;0.003293;0.000024
0.000298;0.941645;0.000121;0.028619;0.000298;0.000033;0.000103;0.000097;0.001428;0.000189;0.000073;0.000186;0.000481;0.026114;0.000315
0.005664;0.565345;0.000721;0.204840;0.001129;0.000721;0.000662;0.002822;0.015512;0.003479;0.000618;0.000912;0.002820;0.123142;0.071613
0.003342;0.888662;0.000302;0.032256;0.000763;0.000105;0.000297;0.000820;0.009840;0.000861;0.000251;0.000614;0.001972;0.055016;0.004900
0.000134;0.987352;0.000030;0.002796;0.000062;0.000006;0.000029;0.000131;0.002440;0.000235;0.000022;0.000065;0.000171;0.006010;0.000516
0.000116;0.947767;0.000080;0.002864;0.000086;0.000005;0.000037;0.000202;0.002286;0.000188;0.000047;0.000067;0.000188;0.045335;0.000731
0.000072;0.934599;0.000479;0.000131;0.000025;0.000013;0.000037;0.006975;0.051374;0.000035;0.000804;0.000352;0.000098;0.004842;0.000163
0.000007;0.993252;0.000034;0.000061;0.000005;0.000002;0.000003;0.000422;0.004944;0.000009;0.000038;0.000014;0.000020;0.001152;0.000039
0.005622;0.410034;0.000535;0.040132;0.001480;0.000141;0.000607;0.000921;0.004574;0.001324;0.000353;0.001376;0.005916;0.520248;0.006737
0.000896;0.976116;0.000050;0.007726;0.000190;0.000020;0.000090;0.000396;0.007700;0.000222;0.000044;0.000242;0.000403;0.005396;0.000508
0.000832;0.887176;0.000133;0.001601;0.000200;0.000035;0.000079;0.000818;0.013942;0.000684;0.000087;0.000626;0.001130;0.091251;0.001407
0.000199;0.943471;0.000112;0.000308;0.000132;0.000025;0.000066;0.000752;0.017124;0.000422;0.000101;0.000442;0.000573;0.036001;0.000271
0.000767;0.951917;0.000163;0.016675;0.000500;0.000044;0.000231;0.000197;0.001634;0.000249;0.000103;0.000532;0.001105;0.025439;0.000446
0.002515;0.885989;0.000245;0.022550;0.000758;0.000090;0.000333;0.000470;0.010299;0.000448;0.000181;0.000824;0.001916;0.070987;0.002396
0.001218;0.889146;0.000115;0.003062;0.000334;0.000028;0.000090;0.000198;0.008308;0.000398;0.000090;0.000438;0.001533;0.093840;0.001200
0.002349;0.909523;0.000278;0.016435;0.000696;0.000104;0.000335;0.000229;0.005469;0.000515;0.000264;0.000830;0.000988;0.061350;0.000636
0.000354;0.912492;0.000044;0.069746;0.000099;0.000036;0.000051;0.000288;0.004375;0.000165;0.000036;0.000083;0.000123;0.011521;0.000586
0.000510;0.969590;0.000079;0.010088;0.000324;0.000022;0.000148;0.000185;0.002218;0.000087;0.000050;0.000347;0.000874;0.015263;0.000215
0.000004;0.995760;0.000002;0.002370;0.000023;0.000001;0.000009;0.000010;0.000466;0.000007;0.000002;0.000015;0.000032;0.001288;0.000011
0.001628;0.790017;0.000388;0.027598;0.000863;0.000140;0.000363;0.002394;0.010873;0.000658;0.000272;0.000668;0.003697;0.137315;0.023127
0.000770;0.001647;0.614023;0.000858;0.001496;0.001056;0.204357;0.111908;0.002171;0.002474;0.031447;0.003220;0.002017;0.001191;0.021365
0.000864;0.005959;0.624625;0.000928;0.001441;0.000971;0.170921;0.107596;0.003399;0.002352;0.054780;0.006035;0.002290;0.001370;0.016469
0.001210;0.003116;0.619959;0.000972;0.002214;0.001124;0.198892;0.080876;0.002291;0.004288;0.030543;0.006770;0.004831;0.001748;0.041167
0.001107;0.010549;0.665780;0.001056;0.001678;0.001259;0.143810;0.078724;0.007815;0.003297;0.042945;0.004845;0.002543;0.003462;0.031130
0.000507;0.002241;0.610070;0.000669;0.001148;0.000632;0.281536;0.047993;0.001154;0.001517;0.022077;0.008652;0.002260;0.000805;0.018738
0.001136;0.002755;0.497935;0.000932;0.003372;0.001099;0.253162;0.155239;0.001962;0.004589;0.020204;0.015657;0.009167;0.001282;0.031510
0.000837;0.001888;0.512479;0.000727;0.002049;0.001792;0.289864;0.052575;0.004428;0.017538;0.037962;0.003997;0.005060;0.003672;0.065134
0.001846;0.007400;0.316264;0.000980;0.005276;0.003638;0.391542;0.021277;0.022228;0.056370;0.074020;0.056650;0.010494;0.004167;0.027849
0.011731;0.004220;0.045736;0.000860;0.004916;0.009962;0.037243;0.063556;0.084696;0.042910;0.614696;0.050831;0.012362;0.003035;0.013246
0.007072;0.002656;0.241574;0.000784;0.016214;0.014181;0.306209;0.022954;0.010574;0.118794;0.127036;0.054342;0.039578;0.003821;0.034212
0.009573;0.001832;0.181545;0.001007;0.010674;0.025590;0.215750;0.128610;0.010498;0.068192;0.254290;0.006592;0.026601;0.005860;0.053386
0.013115;0.003485;0.134164;0.000883;0.015403;0.017697;0.167442;0.071499;0.031595;0.213806;0.208252;0.025838;0.030715;0.007737;0.058370
0.012483;0.001463;0.147047;0.000971;0.044942;0.046202;0.194374;0.039520;0.005976;0.273157;0.053239;0.062663;0.054060;0.002519;0.061383
0.028084;0.004937;0.038632;0.000760;0.012312;0.005550;0.039879;0.064460;0.047607;0.011490;0.601695;0.074187;0.043160;0.005076;0.022171
0.006607;0.001907;0.184501;0.000869;0.006686;0.015135;0.091699;0.168522;0.017035;0.205304;0.173194;0.008215;0.023834;0.006790;0.089703
0.001180;0.002871;0.443132;0.001179;0.009903;0.001824;0.224178;0.040847;0.004111;0.063064;0.008969;0.042900;0.033471;0.007097;0.115274
0.000999;0.003292;0.577107;0.000996;0.001785;0.002119;0.185077;0.107992;0.007197;0.007902;0.035237;0.002461;0.002677;0.005433;0.059727
0.000927;0.001257;0.437907;0.000636;0.001749;0.001370;0.387435;0.061503;0.001892;0.008843;0.044346;0.007234;0.004785;0.001365;0.038750
0.001449;0.006912;0.413485;0.001165;0.001501;0.001713;0.129651;0.112507;0.049183;0.013026;0.237962;0.003003;0.002251;0.006846;0.019344
0.002315;0.002311;0.200638;0.001749;0.003232;0.004876;0.060542;0.492293;0.014366;0.016446;0.139454;0.002518;0.003819;0.008176;0.047265
0.001314;0.001855;0.308178;0.000928;0.002035;0.005571;0.080015;0.311932;0.022243;0.061166;0.130285;0.001400;0.003718;0.011068;0.058293
0.000423;0.003325;0.682084;0.000581;0.000565;0.000661;0.055529;0.179497;0.021312;0.004647;0.023802;0.000971;0.000814;0.004631;0.021159
0.000481;0.001952;0.624959;0.000586;0.000703;0.001006;0.237989;0.046681;0.006647;0.013063;0.019254;0.001604;0.000959;0.002565;0.041550
0.000312;0.002148;0.575129;0.000479;0.000387;0.000502;0.054482;0.305753;0.011054;0.003261;0.022772;0.000645;0.000616;0.003153;0.019307
0.001359;0.026222;0.560633;0.001318;0.001965;0.001348;0.083461;0.106433;0.054524;0.010203;0.040136;0.023151;0.005102;0.008587;0.075559
0.002286;0.090292;0.319694;0.002055;0.002992;0.002102;0.033434;0.119400;0.181485;0.017158;0.022991;0.015784;0.007802;0.076016;0.106509
0.000908;0.005768;0.599618;0.000972;0.001162;0.001253;0.107534;0.121563;0.023341;0.009460;0.050985;0.002309;0.001657;0.008470;0.065001
0.000942;0.005060;0.683561;0.001049;0.001119;0.001320;0.072825;0.110192;0.020111;0.013034;0.023328;0.001582;0.001797;0.016464;0.047618
0.000536;0.002449;0.609037;0.000696;0.000826;0.000836;0.128611;0.115187;0.013616;0.006444;0.075607;0.001946;0.001342;0.003234;0.039633
0.001121;0.030403;0.683262;0.001478;0.001399;0.001163;0.054657;0.050138;0.024874;0.005236;0.015887;0.006444;0.003310;0.030401;0.090225
0.001540;0.007081;0.433170;0.001220;0.002103;0.002075;0.066446;0.142627;0.071481;0.039496;0.051524;0.004098;0.005473;0.034420;0.137246
0.001034;0.003829;0.258511;0.000790;0.001593;0.001907;0.036670;0.504026;0.021315;0.016588;0.065968;0.001423;0.004066;0.011863;0.070419
0.002106;0.013596;0.437211;0.000976;0.003147;0.002604;0.071779;0.116461;0.111907;0.024604;0.144187;0.013677;0.010353;0.010886;0.036506
0.000665;0.010753;0.761291;0.000837;0.000726;0.000812;0.058915;0.039288;0.046589;0.007357;0.029402;0.001613;0.001305;0.017500;0.022948
0.000819;0.003288;0.458678;0.000841;0.001254;0.001566;0.069098;0.285057;0.042661;0.025465;0.064465;0.001719;0.001957;0.005784;0.037351
0.002027;0.002369;0.255021;0.000618;0.003685;0.006774;0.151059;0.266717;0.020148;0.037539;0.195498;0.008657;0.008351;0.003546;0.037991
0.000152;0.000581;0.733443;0.000514;0.000205;0.000266;0.222997;0.024934;0.000734;0.001167;0.002596;0.000234;0.000321;0.001347;0.010507
0.000679;0.000977;0.662682;0.001090;0.001190;0.001157;0.195356;0.086598;0.001850;0.005756;0.009778;0.000837;0.001252;0.001409;0.029389
0.000425;0.001190;0.611305;0.000702;0.000791;0.000790;0.283999;0.033248;0.001413;0.013512;0.008935;0.000815;0.001291;0.003376;0.038207
0.000278;0.000692;0.607653;0.000698;0.000486;0.000460;0.072801;0.285124;0.000883;0.002613;0.005489;0.000293;0.000530;0.000816;0.021185
0.000232;0.000649;0.745825;0.000564;0.000393;0.000336;0.195124;0.034833;0.000448;0.001023;0.003158;0.000396;0.000478;0.000938;0.015602
0.000266;0.000931;0.907457;0.000666;0.000361;0.000417;0.038289;0.023659;0.000680;0.001908;0.002109;0.000290;0.000513;0.002417;0.020039
0.000426;0.000920;0.686223;0.000875;0.000641;0.000699;0.148447;0.128772;0.001542;0.002358;0.009904;0.000508;0.000730;0.001017;0.016939
0.000507;0.000984;0.713251;0.000906;0.000867;0.000855;0.171493;0.075669;0.001392;0.005447;0.006407;0.000696;0.001058;0.001937;0.018533
0.000443;0.001520;0.574912;0.000766;0.000820;0.000830;0.146073;0.216252;0.004302;0.005974;0.015221;0.001069;0.001300;0.002303;0.028214
0.000401;0.000678;0.732305;0.000776;0.000644;0.000684;0.111886;0.111837;0.001588;0.002476;0.007481;0.000636;0.000834;0.001694;0.026082
0.000191;0.001603;0.876938;0.000636;0.000228;0.000306;0.028065;0.069565;0.001654;0.001095;0.002699;0.000218;0.000331;0.003795;0.012676
0.000303;0.000516;0.661404;0.000642;0.000557;0.000543;0.253434;0.058794;0.000650;0.003269;0.003952;0.000538;0.000684;0.000867;0.013846
0.000616;0.001246;0.645904;0.000920;0.000924;0.001017;0.152635;0.146923;0.002446;0.004959;0.009925;0.000800;0.001121;0.002048;0.028515
0.000335;0.000718;0.713384;0.000689;0.000550;0.000538;0.207321;0.048139;0.000869;0.003294;0.003902;0.000498;0.000675;0.001189;0.017898
0.000139;0.000415;0.904637;0.000453;0.000172;0.000205;0.065715;0.018362;0.000316;0.000522;0.001167;0.000172;0.000253;0.000729;0.006743
0.000100;0.000597;0.933293;0.000516;0.000129;0.000178;0.024173;0.028524;0.000433;0.000463;0.001250;0.000117;0.000181;0.001810;0.008237
0.000063;0.000216;0.781986;0.000404;0.000093;0.000103;0.192782;0.018641;0.000222;0.000346;0.000722;0.000112;0.000131;0.000284;0.003894
0.000103;0.000271;0.928092;0.000559;0.000141;0.000163;0.044239;0.012895;0.000249;0.000709;0.001003;0.000107;0.000189;0.000790;0.010490
0.003550;0.005926;0.154299;0.000881;0.004959;0.005677;0.108502;0.185025;0.068363;0.027003;0.368387;0.016909;0.009557;0.006367;0.034594
0.001837;0.004604;0.053337;0.000653;0.001225;0.001823;0.024010;0.406910;0.065735;0.008497;0.403558;0.002807;0.002652;0.006440;0.015912
0.003104;0.010041;0.074427;0.000840;0.002620;0.001868;0.038716;0.092886;0.071751;0.009024;0.630003;0.032515;0.008580;0.005217;0.018409
0.009374;0.029416;0.117398;0.001707;0.025305;0.002783;0.029434;0.097275;0.247994;0.036242;0.084106;0.093235;0.099074;0.030257;0.096401
0.004334;0.143119;0.012110;0.003494;0.008765;0.002139;0.006636;0.033068;0.118050;0.021752;0.002875;0.020755;0.043977;0.408188;0.170737
0.002770;0.034936;0.319841;0.001612;0.003740;0.001789;0.040537;0.084745;0.252950;0.035254;0.102015;0.015474;0.014813;0.032598;0.056926
0.004413;0.018927;0.088060;0.001171;0.007557;0.002463;0.016825;0.128910;0.309254;0.022032;0.081243;0.030904;0.017745;0.035675;0.234822
0.007005;0.021166;0.064448;0.001938;0.015086;0.002539;0.010607;0.144740;0.181583;0.050595;0.017067;0.018221;0.082677;0.106848;0.275479
0.009417;0.017661;0.075994;0.002366;0.025643;0.004551;0.018263;0.101195;0.085645;0.104468;0.016329;0.017451;0.077410;0.077826;0.365781
0.002524;0.038374;0.028751;0.001579;0.004286;0.001467;0.007874;0.086368;0.123648;0.029312;0.003970;0.005851;0.017805;0.432897;0.215295
0.004928;0.025848;0.165713;0.003491;0.010717;0.004151;0.033434;0.145649;0.078542;0.082529;0.013265;0.013113;0.037134;0.089153;0.292335
0.002934;0.057914;0.106945;0.001895;0.004478;0.002030;0.020677;0.060210;0.292067;0.047471;0.016680;0.010432;0.020166;0.259100;0.097003
0.002082;0.012115;0.550833;0.001626;0.002120;0.002004;0.043786;0.136371;0.062415;0.014123;0.051285;0.002570;0.005095;0.049792;0.063782
0.003130;0.041974;0.361008;0.001798;0.006011;0.002595;0.066133;0.056465;0.211692;0.046067;0.035042;0.037865;0.020620;0.038887;0.070714
0.001623;0.052207;0.482129;0.001653;0.002422;0.001555;0.117943;0.047952;0.136929;0.017509;0.023373;0.047953;0.006890;0.017089;0.042772
0.001493;0.036700;0.529029;0.001409;0.002550;0.001548;0.184336;0.042108;0.055863;0.016144;0.030577;0.046539;0.006308;0.008884;0.036512
0.001056;0.055676;0.671868;0.001400;0.001232;0.001002;0.023552;0.066151;0.092681;0.005527;0.019153;0.001917;0.001755;0.036800;0.020230
0.003071;0.047833;0.380543;0.002141;0.006918;0.002942;0.073351;0.045928;0.142230;0.043008;0.032860;0.023647;0.024151;0.060742;0.110636
0.001284;0.002700;0.557795;0.002061;0.002522;0.003283;0.046425;0.034002;0.002689;0.019720;0.003898;0.001460;0.005432;0.069363;0.247366
0.002144;0.003035;0.532405;0.002531;0.002933;0.004081;0.027142;0.217953;0.005879;0.016015;0.008067;0.001957;0.003642;0.059715;0.112500
0.002478;0.005327;0.416138;0.002816;0.004046;0.004593;0.039625;0.116669;0.014319;0.042690;0.008345;0.002839;0.006817;0.076496;0.256802
0.000691;0.001561;0.734689;0.001245;0.001341;0.001238;0.035064;0.033259;0.001539;0.006610;0.003849;0.000791;0.002061;0.014217;0.161844
0.001234;0.001912;0.761646;0.001915;0.002022;0.002309;0.026174;0.067552;0.002866;0.008624;0.004772;0.001244;0.002844;0.022739;0.092148
0.000837;0.001423;0.762443;0.001227;0.001349;0.001895;0.047663;0.038722;0.002972;0.014025;0.009349;0.000949;0.002097;0.016405;0.098643
0.000946;0.001190;0.726572;0.001428;0.002001;0.002035;0.051580;0.075370;0.001821;0.007682;0.007310;0.001097;0.002967;0.008660;0.109341
0.001279;0.001808;0.588148;0.001705;0.002654;0.002901;0.050291;0.098728;0.005034;0.028608;0.009219;0.001560;0.003774;0.019206;0.185084
0.000398;0.000637;0.668120;0.000771;0.000991;0.002758;0.190456;0.026092;0.000756;0.009913;0.009550;0.000535;0.002410;0.003391;0.083222
0.001225;0.001526;0.700971;0.001684;0.002526;0.002400;0.073187;0.059570;0.001872;0.010495;0.006163;0.001505;0.004395;0.011932;0.120549
0.000781;0.000807;0.762715;0.001144;0.001528;0.003215;0.065528;0.062488;0.001252;0.014922;0.008684;0.000835;0.002067;0.005815;0.068218
0.002068;0.003450;0.619968;0.002993;0.003693;0.003730;0.043299;0.113534;0.003902;0.014587;0.006046;0.002322;0.005624;0.036186;0.138598
0.000429;0.000651;0.830245;0.000882;0.000865;0.000759;0.060269;0.031193;0.000763;0.003066;0.003748;0.000566;0.001169;0.003368;0.062026
0.000462;0.000606;0.864317;0.000883;0.000918;0.001240;0.042136;0.023922;0.000801;0.008367;0.004609;0.000523;0.001548;0.006354;0.043315
0.000303;0.000539;0.886000;0.000887;0.000663;0.000769;0.024324;0.012062;0.000424;0.002577;0.001543;0.000328;0.001040;0.008543;0.060000
0.001495;0.002416;0.621783;0.001850;0.002359;0.003401;0.044349;0.070081;0.003751;0.015542;0.007763;0.001594;0.003968;0.054251;0.165395
0.000563;0.001306;0.725139;0.000986;0.000889;0.001381;0.030376;0.163947;0.002753;0.005057;0.007392;0.000571;0.001485;0.014078;0.044077
0.002052;0.003364;0.395812;0.004340;0.005209;0.004523;0.046935;0.021191;0.001927;0.040989;0.002634;0.002228;0.015085;0.062457;0.391254
0.000083;0.000067;0.602063;0.000779;0.000439;0.001281;0.358956;0.014317;0.000083;0.005176;0.000981;0.000197;0.001061;0.000115;0.014403
0.000220;0.000117;0.321294;0.000614;0.002633;0.004560;0.638927;0.003419;0.000134;0.005090;0.000549;0.000386;0.003673;0.000149;0.018236
0.000141;0.000036;0.132268;0.000259;0.019177;0.005090;0.827176;0.001464;0.000040;0.001797;0.000214;0.000464;0.007427;0.000039;0.004410
0.000137;0.000075;0.473282;0.000690;0.001432;0.002599;0.491630;0.008565;0.000081;0.003235;0.000693;0.000155;0.003091;0.000111;0.014223
0.000786;0.000286;0.354711;0.000968;0.007744;0.011096;0.551843;0.004569;0.000325;0.027751;0.001073;0.000648;0.013408;0.000404;0.024388
0.000277;0.000103;0.312962;0.000649;0.008029;0.006971;0.638005;0.001240;0.000107;0.006546;0.000314;0.000266;0.011339;0.000142;0.013050
0.011173;0.000196;0.000090;0.966883;0.000121;0.009064;0.000154;0.001671;0.001303;0.006911;0.000114;0.000105;0.000396;0.001600;0.000219
0.003488;0.000432;0.000165;0.975592;0.000220;0.002773;0.000239;0.003448;0.001392;0.006908;0.000160;0.000199;0.000515;0.004108;0.000361
0.003245;0.000128;0.000006;0.991982;0.000008;0.000937;0.000037;0.000721;0.001131;0.000947;0.000006;0.000023;0.000022;0.000667;0.000139
0.003759;0.000144;0.000006;0.989731;0.000033;0.001898;0.000020;0.000835;0.000974;0.001715;0.000007;0.000007;0.000074;0.000579;0.000218
0.004863;0.000084;0.000006;0.991457;0.000008;0.000651;0.000012;0.000196;0.000728;0.001169;0.000006;0.000018;0.000025;0.000732;0.000043
0.004171;0.000254;0.000001;0.992697;0.000004;0.000119;0.000002;0.000113;0.000613;0.000335;0.000002;0.000004;0.000017;0.000614;0.001053
0.019096;0.001459;0.000461;0.916260;0.000706;0.004266;0.000521;0.013898;0.013320;0.004381;0.000485;0.000499;0.000917;0.001698;0.022031
0.014829;0.009314;0.000029;0.852097;0.000072;0.000606;0.000026;0.001740;0.004676;0.001223;0.000037;0.000033;0.000122;0.002675;0.112520
0.013316;0.026433;0.000132;0.907530;0.000192;0.000642;0.000125;0.004633;0.029851;0.001343;0.000122;0.000159;0.000224;0.002287;0.013011
0.008531;0.001091;0.000014;0.981653;0.000020;0.000345;0.000014;0.000480;0.005079;0.000596;0.000018;0.000021;0.000046;0.000971;0.001121
0.008822;0.807056;0.000484;0.090891;0.001338;0.000274;0.000535;0.000839;0.009325;0.001359;0.000373;0.000985;0.003392;0.068287;0.006042
0.001563;0.007668;0.000025;0.187082;0.000036;0.000157;0.000019;0.003607;0.005647;0.000496;0.000023;0.000026;0.000055;0.008365;0.785232
0.000048;0.000772;0.000062;0.033231;0.000035;0.000061;0.000025;0.005380;0.000090;0.000120;0.000044;0.000024;0.000043;0.008776;0.951288
0.000528;0.002108;0.000497;0.050332;0.000349;0.000282;0.000197;0.002866;0.000819;0.000715;0.000381;0.000225;0.000458;0.069252;0.870991
0.000494;0.020609;0.000091;0.863902;0.000113;0.000226;0.000081;0.002954;0.003409;0.000530;0.000078;0.000094;0.000132;0.009396;0.097891
0.002062;0.023440;0.001103;0.226067;0.001303;0.000928;0.000773;0.005057;0.005239;0.002233;0.000949;0.000925;0.001499;0.133532;0.594890
0.000121;0.000518;0.000026;0.084493;0.000006;0.000058;0.000002;0.000488;0.000228;0.000162;0.000015;0.000002;0.000026;0.004433;0.909424
0.000294;0.017950;0.000153;0.441728;0.000172;0.000178;0.000121;0.002672;0.001693;0.000718;0.000121;0.000127;0.000220;0.031969;0.501884
0.001000;0.020527;0.000390;0.550608;0.000491;0.000459;0.000302;0.001550;0.002205;0.001532;0.000314;0.000359;0.000555;0.066508;0.353199
0.003653;0.024378;0.003109;0.095136;0.003114;0.002287;0.002168;0.009124;0.007357;0.004980;0.002535;0.002408;0.003495;0.236672;0.599585
0.001171;0.105487;0.001058;0.015568;0.000895;0.000469;0.000484;0.003117;0.003785;0.001571;0.001152;0.000520;0.001288;0.831313;0.032124
0.001407;0.386958;0.000357;0.549440;0.000512;0.000225;0.000232;0.000761;0.004224;0.001018;0.000308;0.000301;0.000787;0.047670;0.005799
0.000066;0.000713;0.000052;0.011229;0.000051;0.000056;0.000037;0.007336;0.000192;0.000107;0.000042;0.000039;0.000057;0.001655;0.978367
0.000696;0.037156;0.000260;0.498909;0.000314;0.000452;0.000242;0.006841;0.009538;0.000867;0.000216;0.000257;0.000323;0.003802;0.440126
0.008440;0.256578;0.005629;0.181495;0.005771;0.003528;0.003331;0.013173;0.010150;0.007640;0.004242;0.003872;0.007960;0.460220;0.027970
0.006685;0.097719;0.005616;0.164735;0.005129;0.002570;0.003162;0.012289;0.009163;0.007352;0.003447;0.003230;0.009241;0.637074;0.032588
