0.023738;0.262116;0.000671;0.446743;0.000426;0.001383;0.000350;0.035148;0.009017;0.000474;0.000348;0.001642;0.002522;0.072455;0.142967
0.012168;0.145598;0.000439;0.648814;0.000271;0.000941;0.000213;0.019734;0.004836;0.000280;0.000211;0.000913;0.001710;0.048779;0.115093
0.053741;0.317879;0.003643;0.192806;0.002720;0.005706;0.002157;0.056913;0.028979;0.003262;0.002398;0.008682;0.010641;0.135816;0.174658
0.010447;0.143007;0.000314;0.668456;0.000186;0.000704;0.000146;0.018045;0.004014;0.000194;0.000146;0.000677;0.001287;0.043902;0.108475
0.031947;0.274047;0.001264;0.377598;0.000867;0.002401;0.000709;0.041477;0.013257;0.000971;0.000711;0.002974;0.004338;0.090433;0.157007
0.081713;0.082266;0.042772;0.021513;0.049165;0.035867;0.028699;0.055173;0.114397;0.059718;0.041254;0.083269;0.082977;0.119088;0.102129
0.019898;0.194224;0.000813;0.535069;0.000544;0.001624;0.000435;0.028184;0.008052;0.000568;0.000426;0.001746;0.002939;0.067439;0.138041
0.016421;0.200416;0.000470;0.560282;0.000288;0.001009;0.000232;0.026075;0.006127;0.000310;0.000230;0.001086;0.001835;0.057695;0.127523
0.069407;0.331976;0.005801;0.101171;0.004498;0.008226;0.003487;0.069535;0.047125;0.005808;0.004391;0.014949;0.015989;0.153457;0.164182
0.077049;0.255014;0.011619;0.094123;0.010050;0.014554;0.007469;0.064275;0.058157;0.012454;0.009307;0.025894;0.028252;0.165019;0.166765
0.082263;0.216063;0.016711;0.067343;0.015366;0.018941;0.010782;0.064649;0.075524;0.019191;0.014275;0.036887;0.039076;0.166352;0.156576
0.040672;0.357994;0.001472;0.242561;0.000970;0.002659;0.000789;0.053023;0.018672;0.001184;0.000865;0.003877;0.004928;0.109318;0.161015
0.083614;0.209729;0.017682;0.063001;0.016475;0.019754;0.011496;0.065736;0.078957;0.020543;0.015439;0.038934;0.040664;0.165178;0.152798
0.060734;0.314801;0.004802;0.161735;0.003701;0.007241;0.002959;0.062958;0.035311;0.004462;0.003315;0.011458;0.013317;0.141734;0.171471
0.071350;0.029742;0.063313;0.008462;0.087144;0.050250;0.046534;0.039026;0.082722;0.099355;0.057679;0.110517;0.112519;0.076268;0.065119
0.067414;0.021111;0.069333;0.005752;0.098306;0.053267;0.052322;0.035965;0.075268;0.109549;0.061080;0.117258;0.118000;0.062068;0.053308
0.065229;0.008008;0.089726;0.002193;0.129424;0.070917;0.074019;0.032793;0.045860;0.119712;0.072073;0.112403;0.113018;0.035215;0.029407
0.062315;0.008524;0.086243;0.002161;0.128935;0.064876;0.068630;0.031324;0.050668;0.122565;0.069198;0.118174;0.119138;0.036402;0.030846
0.117089;0.001546;0.120261;0.000280;0.035147;0.272245;0.096293;0.138264;0.009073;0.022551;0.131472;0.020734;0.018571;0.010366;0.006105
0.115164;0.002143;0.117106;0.000418;0.036501;0.255586;0.095494;0.142000;0.011295;0.025090;0.135161;0.023286;0.020707;0.012455;0.007594
0.115915;0.002562;0.118457;0.000552;0.040219;0.244091;0.097724;0.135936;0.012624;0.027813;0.132320;0.025923;0.023227;0.013920;0.008718
0.113491;0.003593;0.113773;0.000815;0.040702;0.226125;0.094724;0.141053;0.015879;0.030671;0.136659;0.028911;0.025741;0.016920;0.010941
0.114947;0.002407;0.117012;0.000491;0.037948;0.248743;0.096078;0.140620;0.012192;0.026497;0.134991;0.024644;0.021893;0.013293;0.008245
0.115594;0.002151;0.118323;0.000429;0.037650;0.254312;0.096529;0.138723;0.011343;0.025703;0.133948;0.023821;0.021236;0.012552;0.007685
0.116590;0.002079;0.119456;0.000418;0.038241;0.255643;0.097340;0.136784;0.011019;0.025599;0.132090;0.023708;0.021209;0.012300;0.007524
0.115873;0.002374;0.119187;0.000499;0.039922;0.246797;0.097562;0.135010;0.012163;0.027527;0.132973;0.025512;0.022828;0.013412;0.008362
0.116440;0.002237;0.119803;0.000465;0.039690;0.249874;0.097925;0.134395;0.011677;0.026987;0.132194;0.024956;0.022367;0.012962;0.008027
0.115987;0.002432;0.119293;0.000518;0.040337;0.245241;0.097763;0.134186;0.012341;0.027914;0.132726;0.025866;0.023190;0.013663;0.008541
0.115605;0.002628;0.118650;0.000572;0.040936;0.240939;0.097642;0.134277;0.013002;0.028728;0.133163;0.026694;0.023902;0.014265;0.008997
0.114110;0.003726;0.116406;0.000907;0.044587;0.220541;0.097366;0.131760;0.016306;0.033150;0.133067;0.031083;0.027883;0.017561;0.011548
0.116464;0.001626;0.119948;0.000300;0.035306;0.270032;0.095993;0.138118;0.009378;0.023046;0.132401;0.021204;0.019012;0.010785;0.006388
0.116372;0.001997;0.120192;0.000397;0.038304;0.256185;0.097190;0.134947;0.010875;0.025823;0.132895;0.023834;0.021327;0.012205;0.007455
0.114578;0.003147;0.117175;0.000717;0.042609;0.229752;0.096789;0.133539;0.014747;0.031119;0.134501;0.029016;0.026002;0.015999;0.010308
0.115514;0.002075;0.118658;0.000410;0.037332;0.255987;0.096234;0.138180;0.011103;0.025529;0.134325;0.023609;0.021060;0.012408;0.007577
0.115001;0.001848;0.117680;0.000343;0.035029;0.264037;0.094631;0.141983;0.010273;0.023763;0.135495;0.021928;0.019515;0.011563;0.006910
0.115295;0.001734;0.118364;0.000317;0.034685;0.267592;0.094554;0.141289;0.009825;0.023211;0.134787;0.021426;0.019106;0.011181;0.006633
0.085084;0.095610;0.032083;0.010882;0.034264;0.024811;0.018883;0.077860;0.193692;0.045482;0.035641;0.079593;0.066844;0.108076;0.091196
0.083000;0.081483;0.035695;0.009831;0.039231;0.027083;0.021617;0.075696;0.191468;0.051374;0.040885;0.085664;0.072255;0.099707;0.085011
0.079314;0.327836;0.007662;0.048841;0.005832;0.009704;0.004303;0.092317;0.080962;0.008085;0.006723;0.021140;0.019646;0.149158;0.138474
0.080855;0.070093;0.039895;0.009313;0.045986;0.029479;0.024677;0.068845;0.178876;0.059083;0.044521;0.092396;0.080008;0.094479;0.081494
0.082959;0.081709;0.037057;0.010990;0.040999;0.028327;0.022949;0.073535;0.181009;0.052935;0.041339;0.086073;0.073625;0.100386;0.086108
0.078455;0.327616;0.007462;0.055031;0.005711;0.009685;0.004244;0.087738;0.073983;0.007885;0.006443;0.020326;0.019332;0.152156;0.143934
0.083720;0.092880;0.031808;0.009597;0.033233;0.024248;0.018668;0.084814;0.212037;0.044426;0.036723;0.080109;0.064628;0.098432;0.084676
0.071749;0.017141;0.082949;0.004869;0.090006;0.074581;0.070139;0.055912;0.066990;0.099365;0.093548;0.100494;0.086948;0.045732;0.039579
0.106376;0.008567;0.108439;0.002851;0.058722;0.165389;0.095858;0.113052;0.028275;0.048947;0.125077;0.046587;0.041883;0.028591;0.021386
0.115834;0.003347;0.118391;0.000811;0.044534;0.227236;0.098973;0.130120;0.014964;0.031780;0.130081;0.029779;0.026928;0.016518;0.010705
0.069377;0.029410;0.063413;0.005924;0.079254;0.047340;0.046215;0.052409;0.113251;0.094141;0.070081;0.114186;0.099400;0.060615;0.054986
0.085712;0.014372;0.092567;0.004480;0.072529;0.107135;0.083009;0.083373;0.051125;0.076893;0.119289;0.074080;0.061816;0.040255;0.033365
0.103647;0.007793;0.112810;0.002712;0.071491;0.153023;0.101804;0.093089;0.027841;0.057566;0.117129;0.053420;0.047877;0.028098;0.021700
0.071448;0.010215;0.093054;0.003043;0.107413;0.083768;0.080713;0.046122;0.047946;0.106760;0.090461;0.100012;0.091349;0.036815;0.030881
0.063611;0.010091;0.086354;0.002519;0.118170;0.066160;0.068694;0.035875;0.056130;0.118902;0.076063;0.116465;0.110806;0.037557;0.032603
0.068043;0.009824;0.091396;0.002887;0.115786;0.076546;0.077495;0.040157;0.048601;0.112497;0.082023;0.106149;0.100753;0.036715;0.031126
0.067781;0.011518;0.087999;0.003169;0.108297;0.073582;0.073549;0.043070;0.055762;0.111079;0.085196;0.107988;0.098699;0.038795;0.033518
0.067756;0.010465;0.089586;0.003010;0.113230;0.075094;0.075488;0.040633;0.051349;0.112460;0.082525;0.107319;0.100949;0.037871;0.032265
0.079988;0.069060;0.037126;0.006947;0.042328;0.026260;0.021653;0.072561;0.206779;0.056183;0.043056;0.093402;0.077426;0.089976;0.077257
0.078455;0.057404;0.044908;0.007527;0.049259;0.034145;0.028558;0.076008;0.175208;0.064305;0.056120;0.095688;0.078917;0.082014;0.071483
0.086351;0.069688;0.043455;0.010514;0.037531;0.040686;0.028865;0.111837;0.156404;0.050822;0.065124;0.075634;0.060041;0.088633;0.074415
0.086876;0.124471;0.023385;0.009592;0.022484;0.018349;0.012563;0.096974;0.231568;0.031707;0.026778;0.065545;0.050938;0.107512;0.091258
0.080654;0.070562;0.036649;0.006954;0.039464;0.027011;0.021590;0.081256;0.210632;0.053391;0.045665;0.089325;0.072290;0.088363;0.076195
0.085685;0.102204;0.028201;0.008977;0.029443;0.021202;0.015400;0.081174;0.216862;0.040368;0.031164;0.076474;0.062333;0.109159;0.091355
0.105034;0.008620;0.106049;0.002658;0.055993;0.164263;0.092995;0.117862;0.029597;0.048659;0.130846;0.046507;0.041016;0.028519;0.021381
0.087670;0.234790;0.011279;0.014224;0.009129;0.010657;0.005636;0.120766;0.187779;0.013781;0.012104;0.036038;0.028027;0.123297;0.104824
0.084544;0.268229;0.011776;0.042606;0.010080;0.013565;0.006863;0.084067;0.094801;0.013497;0.011016;0.030851;0.028964;0.158935;0.140204
0.084833;0.080496;0.037700;0.011707;0.043136;0.029255;0.022929;0.064859;0.158519;0.055356;0.039929;0.086735;0.078928;0.112032;0.093586
0.090475;0.198032;0.018514;0.027161;0.017141;0.018115;0.010812;0.081708;0.127858;0.023103;0.018360;0.046601;0.042544;0.152326;0.127251
0.083839;0.308176;0.008186;0.025460;0.006361;0.009169;0.004234;0.103630;0.118517;0.009408;0.007912;0.025750;0.021716;0.144160;0.123484
0.059635;0.010278;0.080358;0.002193;0.120117;0.055837;0.059771;0.030880;0.064183;0.125144;0.067302;0.127596;0.123309;0.039165;0.034233
0.086797;0.007522;0.108742;0.002414;0.096034;0.118149;0.098489;0.061495;0.033288;0.084074;0.103364;0.076050;0.068349;0.030461;0.024770
0.059049;0.010303;0.079609;0.002090;0.119192;0.054203;0.058034;0.030405;0.066519;0.126072;0.066520;0.129618;0.124764;0.039224;0.034399
0.084567;0.008770;0.103984;0.002705;0.089877;0.114597;0.093491;0.066402;0.038640;0.084131;0.109613;0.077217;0.067230;0.032408;0.026369
0.106423;0.006536;0.115294;0.002100;0.066657;0.165725;0.102026;0.098869;0.025008;0.052852;0.121779;0.048768;0.043389;0.025399;0.019176
0.108153;0.006277;0.114721;0.001951;0.062109;0.173496;0.100312;0.106003;0.024109;0.049079;0.125079;0.045468;0.040513;0.024502;0.018229
0.119925;0.001342;0.124092;0.000242;0.036343;0.276334;0.098016;0.132204;0.008224;0.022212;0.126915;0.020311;0.018461;0.009724;0.005654
0.120488;0.001261;0.124349;0.000225;0.035803;0.280136;0.097810;0.132192;0.007845;0.021524;0.125911;0.019685;0.017958;0.009401;0.005413
0.120086;0.001157;0.123843;0.000198;0.034456;0.285466;0.096878;0.133667;0.007423;0.020586;0.126349;0.018783;0.017103;0.008924;0.005080
0.120437;0.001243;0.124403;0.000220;0.035702;0.280578;0.097707;0.132188;0.007793;0.021460;0.126085;0.019606;0.017882;0.009331;0.005366
0.119823;0.001285;0.123648;0.000227;0.035484;0.279480;0.097426;0.133421;0.007977;0.021593;0.127020;0.019733;0.017942;0.009475;0.005467
0.119588;0.001220;0.123525;0.000211;0.034839;0.282315;0.096991;0.133876;0.007735;0.021124;0.127344;0.019280;0.017498;0.009183;0.005270
0.066052;0.346320;0.004879;0.110077;0.003662;0.007180;0.002870;0.072531;0.044167;0.004707;0.003664;0.012643;0.013495;0.146298;0.161455
0.086052;0.105486;0.031282;0.013374;0.032894;0.025191;0.018661;0.076346;0.177295;0.043447;0.034213;0.075464;0.065251;0.116929;0.098115
0.046057;0.400447;0.001552;0.178420;0.001016;0.002787;0.000816;0.066390;0.024760;0.001310;0.000990;0.004514;0.005220;0.111978;0.153745
0.064836;0.334072;0.004988;0.127351;0.003786;0.007460;0.003018;0.071656;0.041661;0.004756;0.003710;0.012383;0.013554;0.143340;0.163428
0.081388;0.284087;0.010544;0.055484;0.008667;0.012785;0.006196;0.080235;0.078914;0.011464;0.009222;0.026630;0.026008;0.160194;0.148181
0.041345;0.377111;0.001406;0.218288;0.000918;0.002543;0.000737;0.054548;0.019457;0.001141;0.000842;0.003863;0.004790;0.112229;0.160782
0.065299;0.333774;0.005114;0.122226;0.003885;0.007539;0.003059;0.070748;0.042564;0.004898;0.003804;0.012806;0.013997;0.145824;0.164462
0.020285;0.278238;0.000401;0.455723;0.000239;0.000882;0.000195;0.032816;0.007122;0.000270;0.000197;0.001069;0.001658;0.065098;0.135807
0.053541;0.332194;0.003360;0.182374;0.002463;0.005350;0.001947;0.058958;0.029288;0.003007;0.002246;0.008225;0.009878;0.135325;0.171844
0.080126;0.257823;0.012159;0.077195;0.010481;0.014970;0.007703;0.071967;0.067188;0.013179;0.010368;0.027473;0.028838;0.163084;0.157444
0.085899;0.213555;0.017965;0.051813;0.016474;0.019790;0.011452;0.074300;0.089124;0.020753;0.016575;0.039737;0.039573;0.160641;0.142348
0.069790;0.322576;0.006269;0.105024;0.004897;0.008862;0.003818;0.071488;0.048262;0.006245;0.004858;0.015535;0.016638;0.152487;0.163251
0.068213;0.315346;0.006268;0.118272;0.004907;0.008967;0.003872;0.070133;0.045497;0.006153;0.004787;0.015050;0.016455;0.150669;0.165411
0.089119;0.165642;0.024630;0.032577;0.023731;0.023764;0.015575;0.076140;0.117734;0.030397;0.024163;0.053647;0.050966;0.147040;0.124874
0.064534;0.356121;0.004332;0.111931;0.003185;0.006535;0.002511;0.073177;0.042084;0.004142;0.003223;0.011428;0.012217;0.143501;0.161077
0.084190;0.238429;0.013981;0.038345;0.012323;0.014848;0.008081;0.088949;0.115404;0.016774;0.013593;0.036001;0.033200;0.150657;0.135227
0.088676;0.148992;0.027316;0.028648;0.026816;0.025469;0.017559;0.078674;0.128582;0.034274;0.027940;0.058798;0.054404;0.137677;0.116175
0.088671;0.163186;0.024426;0.029256;0.023616;0.023048;0.015370;0.080768;0.130318;0.030627;0.024863;0.054983;0.050571;0.140551;0.119744
0.063250;0.396088;0.003183;0.097614;0.002215;0.005033;0.001768;0.085915;0.043848;0.002993;0.002394;0.009256;0.009324;0.129884;0.147233
0.080504;0.269757;0.011311;0.071975;0.009560;0.014032;0.007066;0.076821;0.070616;0.012197;0.009766;0.026490;0.027016;0.159084;0.153805
0.085792;0.099290;0.035294;0.016482;0.037904;0.029083;0.022227;0.071025;0.152271;0.048404;0.037182;0.077375;0.070023;0.118204;0.099444
0.074378;0.334787;0.006578;0.076414;0.005038;0.008989;0.003865;0.078412;0.057720;0.006697;0.005316;0.017183;0.017329;0.153148;0.154146
0.090038;0.149409;0.026384;0.024086;0.025734;0.023801;0.016231;0.078890;0.138975;0.033660;0.026671;0.059596;0.054254;0.137076;0.115195
0.073289;0.345065;0.006053;0.074330;0.004536;0.008342;0.003480;0.078862;0.056880;0.006122;0.004863;0.016158;0.016206;0.152504;0.153308
0.066674;0.365096;0.004431;0.095046;0.003248;0.006583;0.002545;0.075255;0.045482;0.004312;0.003377;0.012044;0.012488;0.146264;0.157154
0.082061;0.266473;0.012014;0.063954;0.010142;0.014558;0.007446;0.079944;0.076711;0.013041;0.010550;0.028366;0.028164;0.157575;0.149001
0.067808;0.332640;0.005544;0.109434;0.004238;0.007992;0.003308;0.073195;0.046531;0.005423;0.004233;0.013987;0.014956;0.147865;0.162846
0.076103;0.050235;0.044579;0.005882;0.054331;0.031045;0.027352;0.063220;0.181068;0.070210;0.052005;0.104084;0.089294;0.080682;0.069911
0.090674;0.163490;0.021394;0.017561;0.019954;0.018860;0.012154;0.091235;0.171304;0.027632;0.022825;0.055492;0.046758;0.131276;0.109389
0.085221;0.096581;0.031347;0.010539;0.032969;0.024260;0.018326;0.080063;0.199301;0.044097;0.035545;0.078761;0.065150;0.107305;0.090535
0.065564;0.022752;0.063580;0.003855;0.089360;0.043301;0.043890;0.041438;0.109509;0.105522;0.063628;0.126621;0.113882;0.056834;0.050265
0.085252;0.216151;0.017649;0.054366;0.016223;0.019647;0.011357;0.074917;0.087731;0.020295;0.016318;0.038876;0.038829;0.159660;0.142729
0.061687;0.348091;0.004188;0.126019;0.003136;0.006343;0.002442;0.065432;0.037867;0.004002;0.003033;0.010901;0.012159;0.147212;0.167487
0.051582;0.367565;0.002450;0.169779;0.001725;0.004117;0.001375;0.061512;0.027316;0.002164;0.001622;0.006543;0.007676;0.129187;0.165386
0.036228;0.344418;0.001170;0.282891;0.000763;0.002215;0.000622;0.049609;0.015791;0.000918;0.000672;0.003080;0.004064;0.099689;0.157870
0.087866;0.052000;0.055600;0.011510;0.046779;0.056215;0.040444;0.101442;0.112369;0.060352;0.080535;0.077036;0.064718;0.084849;0.068284
0.074238;0.295835;0.008319;0.094636;0.006786;0.011113;0.005178;0.070000;0.054877;0.008620;0.006688;0.019768;0.021208;0.159156;0.163577
0.082684;0.072997;0.042207;0.012851;0.047452;0.033741;0.027497;0.066922;0.147726;0.059888;0.046747;0.087991;0.079876;0.103476;0.087946
0.066465;0.024558;0.062554;0.004170;0.086400;0.042854;0.042985;0.043297;0.113594;0.102459;0.063727;0.124640;0.111727;0.058579;0.051989
0.088784;0.145394;0.026187;0.023210;0.025990;0.023362;0.015966;0.077331;0.142997;0.034200;0.026951;0.060558;0.055412;0.137958;0.115700
0.085803;0.104782;0.034914;0.019324;0.037150;0.029808;0.022705;0.072650;0.146000;0.046860;0.037215;0.074261;0.067524;0.120206;0.100799
0.087537;0.132586;0.031139;0.031232;0.031840;0.029170;0.020976;0.071782;0.117496;0.039327;0.031650;0.062728;0.060126;0.137267;0.115146
0.071141;0.298803;0.007584;0.106345;0.006146;0.010346;0.004708;0.066600;0.049643;0.007771;0.005948;0.017972;0.019767;0.159266;0.167960
0.066303;0.315135;0.005900;0.123782;0.004653;0.008475;0.003613;0.064915;0.042574;0.005840;0.004427;0.014344;0.016073;0.153627;0.170340
0.065670;0.291277;0.006710;0.141098;0.005441;0.009530;0.004219;0.061769;0.041389;0.006655;0.005005;0.015328;0.017781;0.153697;0.174431
0.068423;0.276409;0.008068;0.133861;0.006722;0.011091;0.005188;0.062039;0.045018;0.008175;0.006161;0.017927;0.020713;0.156652;0.173553
0.043639;0.332736;0.002060;0.240425;0.001429;0.003513;0.001138;0.052194;0.020991;0.001714;0.001256;0.005096;0.006540;0.118063;0.169205
0.030546;0.289377;0.001120;0.364513;0.000741;0.002106;0.000594;0.040304;0.012688;0.000848;0.000614;0.002683;0.003900;0.091428;0.158539
0.040298;0.330779;0.001653;0.269169;0.001121;0.002954;0.000909;0.051469;0.018481;0.001336;0.000979;0.004141;0.005397;0.107680;0.163634
0.052089;0.320676;0.003258;0.202966;0.002426;0.005234;0.001899;0.059087;0.028921;0.002922;0.002150;0.007917;0.009726;0.129106;0.171624
0.062500;0.315956;0.005031;0.154817;0.003901;0.007605;0.003130;0.066683;0.037623;0.004739;0.003614;0.011979;0.013704;0.140680;0.168036
0.065324;0.307313;0.005843;0.144955;0.004622;0.008617;0.003694;0.068081;0.040925;0.005628;0.004326;0.013708;0.015512;0.143860;0.167592
0.057210;0.310908;0.004244;0.187321;0.003244;0.006608;0.002611;0.062259;0.032329;0.003876;0.002922;0.009900;0.011823;0.134183;0.170563
0.069165;0.326526;0.005886;0.109979;0.004582;0.008470;0.003602;0.072589;0.046819;0.005808;0.004515;0.014695;0.015767;0.149052;0.162544
0.099827;0.043788;0.057473;0.008739;0.034871;0.073972;0.042668;0.163563;0.092711;0.045770;0.104931;0.057957;0.046433;0.071082;0.056214
0.089449;0.174915;0.020462;0.019863;0.018622;0.018695;0.011806;0.096089;0.165152;0.025794;0.022086;0.051902;0.043715;0.131328;0.110121
0.076706;0.311992;0.007862;0.074865;0.006217;0.010332;0.004684;0.083387;0.065791;0.008182;0.006597;0.019977;0.019912;0.150274;0.153221
0.076582;0.286947;0.009157;0.094242;0.007610;0.012158;0.005906;0.073666;0.057930;0.009533;0.007512;0.021422;0.022626;0.155151;0.159558
0.036771;0.310414;0.001498;0.309218;0.001015;0.002717;0.000820;0.047369;0.016260;0.001180;0.000862;0.003633;0.004949;0.100909;0.162385
0.085592;0.221928;0.016956;0.047383;0.015406;0.018486;0.010680;0.080079;0.098706;0.019706;0.016040;0.039425;0.037847;0.154387;0.137379
0.008192;0.127236;0.000216;0.710343;0.000123;0.000501;0.000098;0.015340;0.003028;0.000126;0.000093;0.000472;0.000922;0.036094;0.097216
0.015220;0.183178;0.000492;0.583901;0.000308;0.001035;0.000246;0.023338;0.005866;0.000322;0.000237;0.001094;0.001931;0.056894;0.125938
0.014983;0.168408;0.000566;0.595775;0.000363;0.001165;0.000286;0.021942;0.005833;0.000375;0.000277;0.001191;0.002184;0.058841;0.127812
0.055391;0.304627;0.004062;0.199521;0.003122;0.006359;0.002481;0.058589;0.030258;0.003707;0.002769;0.009401;0.011541;0.134329;0.173842
0.007937;0.134894;0.000185;0.703144;0.000104;0.000431;0.000082;0.014436;0.002819;0.000107;0.000077;0.000417;0.000829;0.036579;0.097960
0.038913;0.274815;0.002196;0.320987;0.001594;0.003779;0.001267;0.045075;0.018182;0.001804;0.001314;0.004905;0.006917;0.108948;0.169302
0.010885;0.166495;0.000274;0.641259;0.000158;0.000613;0.000125;0.018682;0.004045;0.000167;0.000121;0.000625;0.001161;0.045096;0.110296
0.054414;0.282070;0.004684;0.216174;0.003672;0.007145;0.002882;0.056137;0.030407;0.004285;0.003189;0.010213;0.012925;0.135157;0.176647
0.046807;0.252633;0.004114;0.279393;0.003239;0.006449;0.002518;0.048356;0.024549;0.003627;0.002682;0.008413;0.011629;0.126721;0.178870
0.028173;0.234542;0.001347;0.430180;0.000949;0.002508;0.000759;0.034887;0.011862;0.001023;0.000752;0.002940;0.004595;0.088413;0.157070
0.021260;0.226472;0.000748;0.491361;0.000488;0.001500;0.000387;0.029947;0.008644;0.000531;0.000387;0.001717;0.002803;0.071724;0.142030
0.046435;0.265432;0.003697;0.273396;0.002858;0.005861;0.002223;0.049433;0.024546;0.003244;0.002377;0.007873;0.010700;0.125006;0.176918
0.064300;0.374452;0.003641;0.108517;0.002677;0.005732;0.002138;0.074744;0.040361;0.003520;0.002721;0.010146;0.010779;0.139869;0.156403
0.065385;0.348453;0.004801;0.087896;0.003453;0.006815;0.002564;0.096948;0.062838;0.004875;0.004136;0.013093;0.013013;0.133898;0.151832
0.084579;0.107624;0.022056;0.005914;0.021286;0.016413;0.011092;0.098399;0.272176;0.031454;0.027720;0.068278;0.050683;0.099081;0.083244
0.041040;0.312036;0.001900;0.282236;0.001327;0.003357;0.001079;0.050642;0.018957;0.001547;0.001140;0.004564;0.006072;0.108845;0.165258
0.037437;0.298849;0.001628;0.318946;0.001137;0.002956;0.000922;0.046816;0.016668;0.001300;0.000946;0.003879;0.005374;0.101366;0.161775
0.017227;0.210742;0.000500;0.541613;0.000312;0.001052;0.000250;0.026058;0.006537;0.000335;0.000244;0.001167;0.001976;0.061052;0.130936
0.086950;0.205234;0.018661;0.044911;0.017314;0.019924;0.011659;0.073491;0.095703;0.022179;0.017445;0.042250;0.041686;0.161808;0.140784
0.059765;0.364919;0.003439;0.132458;0.002501;0.005465;0.001998;0.069320;0.035439;0.003192;0.002441;0.009209;0.010148;0.137781;0.161926
0.088946;0.132470;0.029472;0.025394;0.030160;0.026545;0.018403;0.068037;0.124668;0.038623;0.029240;0.064023;0.061595;0.143560;0.118863
0.088130;0.180075;0.021884;0.038273;0.021008;0.022078;0.013679;0.070669;0.104185;0.026914;0.020855;0.048643;0.048047;0.159826;0.135735
0.087580;0.193515;0.019981;0.041512;0.018892;0.020806;0.012450;0.071670;0.099295;0.024211;0.018883;0.045044;0.044558;0.162515;0.139088
0.066282;0.345865;0.004864;0.108056;0.003676;0.007181;0.002875;0.070422;0.043305;0.004763;0.003654;0.012715;0.013650;0.149384;0.163308
0.073221;0.337006;0.006253;0.079717;0.004792;0.008630;0.003663;0.076607;0.055564;0.006378;0.005011;0.016485;0.016786;0.153360;0.156526
0.084948;0.247081;0.014013;0.050589;0.012249;0.016063;0.008550;0.078281;0.087651;0.015852;0.012693;0.033735;0.032849;0.160805;0.144643
0.059570;0.380634;0.003177;0.120091;0.002255;0.005070;0.001798;0.071279;0.036161;0.002946;0.002266;0.008806;0.009491;0.137644;0.158810
0.074040;0.330820;0.006777;0.074250;0.005205;0.009102;0.003913;0.074909;0.058112;0.006964;0.005443;0.017787;0.018085;0.157429;0.157165
0.070179;0.352561;0.005318;0.086072;0.003962;0.007556;0.003072;0.075769;0.050426;0.005287;0.004110;0.014260;0.014584;0.149887;0.156956
0.084445;0.086851;0.035136;0.010934;0.038884;0.026760;0.020852;0.071528;0.179768;0.050768;0.037921;0.083889;0.073038;0.107997;0.091229
0.069768;0.339159;0.005699;0.090614;0.004363;0.008005;0.003324;0.069930;0.048987;0.005757;0.004397;0.014973;0.015809;0.156202;0.163011
0.082677;0.264223;0.012057;0.058405;0.010303;0.014449;0.007319;0.076037;0.077799;0.013357;0.010596;0.029370;0.029283;0.163132;0.150994
0.069866;0.344214;0.005444;0.092187;0.004158;0.007809;0.003219;0.073136;0.048690;0.005466;0.004234;0.014384;0.015023;0.152222;0.159948
0.079507;0.266649;0.011162;0.080790;0.009553;0.014074;0.007100;0.071087;0.063470;0.012028;0.009375;0.025679;0.027032;0.162963;0.159531
0.077892;0.307509;0.008355;0.069132;0.006687;0.010861;0.004971;0.077114;0.065021;0.008836;0.006991;0.021360;0.021477;0.159086;0.154709
0.059288;0.369073;0.003276;0.132814;0.002375;0.005258;0.001898;0.069510;0.034808;0.003036;0.002327;0.008860;0.009774;0.136567;0.161136
0.078803;0.300360;0.008784;0.062777;0.007196;0.011135;0.005169;0.077576;0.070515;0.009549;0.007539;0.022947;0.022863;0.160837;0.153950
0.078291;0.320554;0.007581;0.060622;0.006050;0.009902;0.004427;0.080354;0.068886;0.008141;0.006501;0.020595;0.020272;0.157652;0.150171
0.089414;0.127508;0.028845;0.018861;0.029564;0.024572;0.017274;0.072389;0.148536;0.038914;0.029479;0.067238;0.061400;0.134772;0.111235
0.090192;0.137167;0.027346;0.021093;0.027724;0.023944;0.016399;0.071232;0.139489;0.036595;0.027633;0.063796;0.059224;0.141678;0.116489
0.079784;0.298078;0.009161;0.057537;0.007461;0.011433;0.005306;0.077207;0.073232;0.009958;0.007905;0.023966;0.023696;0.163128;0.152146
0.087782;0.203667;0.018383;0.036831;0.017102;0.018784;0.011060;0.076109;0.108296;0.022489;0.017504;0.043729;0.041948;0.159625;0.136690
0.084812;0.233379;0.014898;0.048578;0.013417;0.016627;0.008981;0.072022;0.087680;0.017440;0.013546;0.035884;0.035818;0.168315;0.148602
0.067406;0.337304;0.005186;0.110245;0.004001;0.007645;0.003139;0.070562;0.044025;0.005123;0.003957;0.013343;0.014407;0.149989;0.163668
0.089388;0.142634;0.027342;0.027547;0.027813;0.025257;0.017073;0.068003;0.120595;0.035697;0.027066;0.060613;0.058699;0.148874;0.123400
0.089767;0.139872;0.027475;0.024574;0.027919;0.024751;0.016918;0.069473;0.128613;0.036219;0.027413;0.062192;0.059114;0.145529;0.120169
0.062178;0.343972;0.004304;0.130194;0.003229;0.006564;0.002543;0.067837;0.038317;0.004097;0.003147;0.010984;0.012240;0.144358;0.166036
0.057345;0.409244;0.002512;0.106345;0.001734;0.004085;0.001347;0.070176;0.035159;0.002343;0.001791;0.007534;0.008029;0.136491;0.155865
0.061580;0.398934;0.003063;0.097399;0.002150;0.004823;0.001687;0.075210;0.039748;0.002893;0.002240;0.009018;0.009366;0.138360;0.153530
0.060462;0.409576;0.002731;0.097011;0.001900;0.004401;0.001490;0.075076;0.038376;0.002588;0.001997;0.008242;0.008568;0.135876;0.151705
0.062121;0.405612;0.002990;0.090864;0.002091;0.004717;0.001632;0.076064;0.040867;0.002863;0.002224;0.008981;0.009226;0.138374;0.151375
0.061370;0.380879;0.003323;0.112091;0.002387;0.005249;0.001888;0.072636;0.038187;0.003137;0.002419;0.009332;0.009966;0.139194;0.157941
0.088370;0.118364;0.031566;0.020480;0.033141;0.027117;0.019557;0.069136;0.138568;0.042563;0.031955;0.069824;0.065461;0.133317;0.110581
0.086118;0.230415;0.015412;0.043505;0.013936;0.016872;0.009323;0.077522;0.096836;0.018194;0.014454;0.037549;0.036219;0.161934;0.141709
0.083572;0.257269;0.012688;0.052322;0.011042;0.014795;0.007643;0.076985;0.083895;0.014384;0.011422;0.031338;0.030880;0.163691;0.148074
0.062122;0.369814;0.003653;0.115749;0.002653;0.005703;0.002106;0.072038;0.038713;0.003459;0.002674;0.009947;0.010683;0.140862;0.159825
0.040422;0.390116;0.001147;0.223626;0.000738;0.002191;0.000610;0.056630;0.018320;0.000924;0.000675;0.003293;0.004058;0.104368;0.152882
0.066077;0.365343;0.004217;0.104499;0.003078;0.006425;0.002468;0.079025;0.044098;0.004025;0.003180;0.011387;0.011840;0.139568;0.154769
0.059659;0.399714;0.002727;0.112842;0.001908;0.004503;0.001533;0.076654;0.036342;0.002528;0.001968;0.007931;0.008386;0.131227;0.152076
0.046086;0.359922;0.001887;0.214460;0.001292;0.003335;0.001058;0.059191;0.022540;0.001587;0.001179;0.004972;0.006054;0.115095;0.161340
0.061995;0.369008;0.003634;0.116436;0.002639;0.005678;0.002084;0.072660;0.039058;0.003449;0.002675;0.009871;0.010628;0.140013;0.160174
0.071880;0.349439;0.005614;0.077630;0.004232;0.007871;0.003223;0.075688;0.053422;0.005707;0.004475;0.015168;0.015449;0.154009;0.156191
0.055161;0.417341;0.002116;0.118745;0.001436;0.003636;0.001150;0.072892;0.031723;0.001914;0.001476;0.006401;0.006856;0.127390;0.151764
0.063222;0.381735;0.003560;0.102215;0.002552;0.005503;0.002012;0.074974;0.041068;0.003380;0.002623;0.010052;0.010520;0.140537;0.156047
0.045690;0.380424;0.001664;0.198820;0.001113;0.002988;0.000910;0.060217;0.022426;0.001390;0.001031;0.004592;0.005507;0.114737;0.158491
0.055361;0.375865;0.002710;0.146086;0.001928;0.004495;0.001538;0.066730;0.031008;0.002454;0.001866;0.007427;0.008382;0.132234;0.161916
0.087742;0.009146;0.104885;0.003080;0.089052;0.118322;0.095905;0.067605;0.036501;0.080652;0.106821;0.073879;0.065959;0.033451;0.027001
0.067767;0.027299;0.061223;0.004848;0.083884;0.042510;0.042375;0.044474;0.115736;0.099258;0.062308;0.121621;0.110102;0.061769;0.054828
0.102097;0.008847;0.107964;0.002978;0.067005;0.150623;0.096579;0.098057;0.030705;0.057425;0.122450;0.053767;0.047663;0.030456;0.023384
0.115792;0.003718;0.120580;0.000976;0.050120;0.214834;0.101035;0.120070;0.016204;0.035949;0.126932;0.033377;0.030344;0.018019;0.012048
0.102101;0.008027;0.112263;0.002855;0.074552;0.147956;0.101856;0.088258;0.028551;0.060687;0.114566;0.056085;0.050457;0.029102;0.022684
0.086631;0.009721;0.103845;0.003413;0.091440;0.113972;0.095264;0.064968;0.037254;0.082701;0.103261;0.076070;0.068663;0.034556;0.028241
0.116423;0.003800;0.122834;0.001054;0.054782;0.208042;0.103998;0.112596;0.016517;0.038433;0.122924;0.035310;0.032325;0.018435;0.012526
0.080020;0.009366;0.100165;0.003079;0.100619;0.101431;0.090544;0.054935;0.039974;0.093895;0.097424;0.086386;0.078251;0.035103;0.028809
0.105127;0.006568;0.117047;0.002238;0.074738;0.156651;0.105283;0.087830;0.025145;0.057892;0.113847;0.053068;0.048172;0.026369;0.020025
0.111603;0.005503;0.118786;0.001737;0.062760;0.180980;0.103495;0.103883;0.021455;0.046969;0.120657;0.043081;0.039324;0.023076;0.016692
0.100842;0.008231;0.110334;0.002818;0.072331;0.147485;0.099530;0.090300;0.029790;0.060854;0.118439;0.056345;0.050017;0.029665;0.023021
0.098811;0.008675;0.109897;0.003079;0.076406;0.140836;0.099957;0.085012;0.030956;0.064404;0.114364;0.059479;0.053245;0.030693;0.024186
0.061275;0.009397;0.083702;0.002217;0.123971;0.061225;0.065050;0.031696;0.056673;0.123463;0.069706;0.121791;0.119774;0.037672;0.032389
0.073691;0.009894;0.094284;0.002963;0.105114;0.087879;0.082629;0.048279;0.046075;0.104117;0.093002;0.096938;0.088210;0.036699;0.030226
0.065245;0.011544;0.083596;0.002841;0.111202;0.065723;0.066506;0.038246;0.060622;0.116544;0.077979;0.115693;0.108337;0.040783;0.035139
0.064640;0.012274;0.081614;0.002908;0.109102;0.063193;0.064102;0.038154;0.064456;0.116725;0.076950;0.118079;0.109415;0.041892;0.036496
0.085900;0.010068;0.101733;0.003353;0.088464;0.112804;0.092309;0.067186;0.039785;0.082657;0.106992;0.076618;0.068014;0.035496;0.028623
0.066650;0.012178;0.083747;0.003023;0.107086;0.067844;0.067706;0.041327;0.061659;0.113523;0.081855;0.113378;0.103629;0.041021;0.035374
0.118528;0.001722;0.122612;0.000337;0.038303;0.263637;0.098474;0.132116;0.009723;0.024584;0.128898;0.022598;0.020473;0.011248;0.006748
0.095215;0.009820;0.106376;0.003543;0.078209;0.131676;0.097554;0.081772;0.034381;0.068621;0.113060;0.063511;0.056757;0.033081;0.026423
0.118298;0.002174;0.122991;0.000468;0.042251;0.247942;0.099891;0.127480;0.011458;0.028061;0.128622;0.025793;0.023439;0.013034;0.008098
0.064820;0.020320;0.066719;0.003669;0.093194;0.046500;0.047458;0.040596;0.100405;0.108822;0.066511;0.126439;0.113496;0.053604;0.047447
0.117599;0.002190;0.121735;0.000465;0.041073;0.249446;0.099022;0.129996;0.011489;0.027554;0.129897;0.025400;0.023018;0.013044;0.008069
0.118869;0.002997;0.124214;0.000757;0.049511;0.225963;0.103045;0.118547;0.013903;0.033318;0.123513;0.030790;0.028277;0.015916;0.010380
0.112807;0.005466;0.119343;0.001747;0.061758;0.183997;0.103831;0.105014;0.020887;0.045584;0.119451;0.042056;0.038707;0.022957;0.016395
0.066826;0.012676;0.083314;0.003203;0.106342;0.067319;0.067610;0.041562;0.062325;0.112911;0.081458;0.113071;0.103483;0.041729;0.036172
0.116346;0.003803;0.122757;0.001049;0.054340;0.208633;0.103497;0.113459;0.016513;0.038142;0.123191;0.035089;0.032191;0.018474;0.012515
0.081426;0.017206;0.086442;0.005050;0.076700;0.090272;0.075497;0.073685;0.060323;0.084964;0.109276;0.083971;0.071043;0.045975;0.038168
0.113957;0.005101;0.120800;0.001612;0.061278;0.187956;0.104510;0.105084;0.019862;0.044508;0.118794;0.040988;0.037763;0.022112;0.015677
0.113572;0.005161;0.118620;0.001565;0.056914;0.192602;0.102105;0.111883;0.019932;0.042259;0.122641;0.039251;0.036000;0.022072;0.015422
0.116933;0.002957;0.122073;0.000710;0.047042;0.228101;0.100642;0.123322;0.014090;0.032579;0.128090;0.030133;0.027396;0.015730;0.010200
0.094090;0.009019;0.108253;0.003242;0.082886;0.130176;0.099332;0.076105;0.033060;0.071515;0.109627;0.065822;0.059111;0.032014;0.025749
0.112197;0.004877;0.119065;0.001425;0.057732;0.191697;0.102295;0.110636;0.019979;0.043071;0.124868;0.039714;0.036077;0.021346;0.015022
0.118080;0.001576;0.121590;0.000293;0.036370;0.269684;0.097043;0.135317;0.009201;0.023232;0.130056;0.021365;0.019270;0.010644;0.006281
0.075973;0.013570;0.089352;0.004092;0.091434;0.087033;0.078359;0.057691;0.054302;0.096732;0.099432;0.092932;0.081873;0.042165;0.035059
0.095217;0.007874;0.110678;0.002648;0.082197;0.134952;0.100565;0.077210;0.031362;0.070104;0.112621;0.063974;0.057085;0.029798;0.023714
0.066624;0.010781;0.086797;0.002829;0.112329;0.070486;0.070583;0.039447;0.055600;0.114756;0.081019;0.111556;0.104745;0.039097;0.033352
0.067968;0.011170;0.087267;0.003039;0.109741;0.073007;0.072496;0.041466;0.055007;0.112287;0.083456;0.109102;0.101039;0.039378;0.033576
0.110841;0.005962;0.117951;0.001943;0.064249;0.175967;0.102965;0.101755;0.022441;0.048663;0.119421;0.044860;0.040903;0.024298;0.017782
0.094139;0.009873;0.105114;0.003387;0.075824;0.131505;0.095397;0.083778;0.035504;0.068639;0.117210;0.063789;0.056002;0.033314;0.026525
0.077282;0.009529;0.098088;0.003148;0.105837;0.094488;0.087733;0.049872;0.041220;0.099166;0.092117;0.091385;0.084410;0.036086;0.029637
0.075354;0.015310;0.085983;0.004433;0.089305;0.082488;0.074500;0.058715;0.059914;0.096560;0.098010;0.095065;0.082894;0.044426;0.037043
0.070375;0.011546;0.087560;0.002909;0.100755;0.077160;0.072795;0.047625;0.057554;0.108095;0.093041;0.105367;0.092378;0.039436;0.033405
0.062503;0.016130;0.070646;0.002922;0.100208;0.049007;0.050644;0.037222;0.089772;0.115943;0.068631;0.129304;0.116466;0.048139;0.042461
0.090197;0.008882;0.105834;0.002868;0.081799;0.126072;0.096115;0.075771;0.035688;0.074932;0.115245;0.068733;0.059944;0.032125;0.025795
0.089395;0.010699;0.100284;0.003314;0.075572;0.120571;0.089822;0.081353;0.041282;0.074468;0.120469;0.069413;0.059293;0.035570;0.028492
0.101908;0.008989;0.105862;0.002891;0.063942;0.151360;0.093807;0.102499;0.031615;0.056412;0.126952;0.053082;0.046545;0.030604;0.023532
0.091587;0.010411;0.100389;0.003083;0.071269;0.125206;0.088690;0.087476;0.041027;0.070646;0.125508;0.066138;0.056110;0.034856;0.027604
0.096037;0.012491;0.096551;0.003833;0.063346;0.128166;0.084950;0.099878;0.042365;0.063712;0.127803;0.061174;0.052517;0.037578;0.029599
0.069464;0.013027;0.084253;0.003199;0.099222;0.072095;0.068922;0.047191;0.063161;0.108399;0.089849;0.108226;0.095152;0.041904;0.035937
0.069281;0.012732;0.084359;0.003033;0.098713;0.072126;0.068696;0.047484;0.063660;0.108680;0.091135;0.108702;0.094633;0.041278;0.035489
0.106384;0.007856;0.109125;0.002489;0.058932;0.167199;0.095447;0.111529;0.027450;0.049330;0.127396;0.046615;0.041659;0.027929;0.020661
0.115697;0.003036;0.119310;0.000709;0.044004;0.231077;0.098233;0.129646;0.014258;0.031299;0.131317;0.029144;0.026323;0.015792;0.010156
0.096588;0.011467;0.099014;0.003505;0.064514;0.131643;0.087187;0.098730;0.040223;0.063138;0.127765;0.060291;0.051989;0.035943;0.028001
0.086433;0.011066;0.098776;0.003420;0.079114;0.113609;0.088190;0.075919;0.043490;0.079193;0.117438;0.073877;0.063275;0.036570;0.029630
0.069813;0.017165;0.077076;0.003722;0.088644;0.064107;0.060320;0.052186;0.079646;0.104108;0.089212;0.110243;0.094163;0.047862;0.041735
0.105367;0.007595;0.110856;0.002472;0.063247;0.163633;0.097631;0.104378;0.027255;0.052181;0.124769;0.048793;0.043389;0.027641;0.020794
0.111967;0.005209;0.117271;0.001525;0.055910;0.191476;0.100310;0.113662;0.020526;0.042628;0.126310;0.039611;0.035891;0.022136;0.015568
0.067159;0.020655;0.068829;0.003881;0.087781;0.051451;0.050230;0.047281;0.098546;0.104806;0.075465;0.119624;0.103842;0.053212;0.047238
0.071045;0.014094;0.083350;0.003326;0.092518;0.073534;0.067860;0.052486;0.066603;0.104457;0.095370;0.105277;0.089936;0.043303;0.036840
0.067167;0.015622;0.077147;0.003320;0.094792;0.061413;0.060003;0.046367;0.078242;0.109510;0.084397;0.115717;0.100324;0.045725;0.040254
0.066671;0.014603;0.078509;0.003187;0.098002;0.062520;0.061426;0.044308;0.074027;0.111423;0.083513;0.116236;0.102001;0.044532;0.039043
0.064384;0.014239;0.076655;0.002852;0.100541;0.057828;0.058015;0.040903;0.077775;0.115030;0.078601;0.122013;0.107759;0.044315;0.039089
0.070772;0.013738;0.083286;0.003124;0.092463;0.072952;0.067126;0.052216;0.067482;0.105246;0.095755;0.106262;0.090273;0.042796;0.036511
0.092608;0.008945;0.105611;0.002796;0.076522;0.130936;0.094867;0.082141;0.035933;0.070692;0.119783;0.065223;0.056467;0.032171;0.025306
0.075640;0.011553;0.091114;0.003106;0.091555;0.089113;0.078851;0.057317;0.053054;0.098624;0.104126;0.094015;0.080755;0.038949;0.032227
0.074542;0.011525;0.091938;0.003398;0.097173;0.087570;0.080605;0.053494;0.050645;0.100576;0.098022;0.095102;0.084232;0.038855;0.032322
0.081301;0.011318;0.096680;0.003532;0.087401;0.102826;0.086870;0.065532;0.045749;0.088040;0.108648;0.082370;0.071466;0.037448;0.030820
0.091815;0.010486;0.100371;0.003044;0.070213;0.126301;0.088336;0.089194;0.041492;0.069528;0.125211;0.065753;0.055789;0.035149;0.027317
0.082766;0.012235;0.095194;0.003757;0.082350;0.103927;0.085175;0.070793;0.048049;0.084524;0.112124;0.080050;0.068552;0.038848;0.031656
0.104866;0.008013;0.109344;0.002572;0.061893;0.162204;0.096269;0.106332;0.028230;0.051990;0.126155;0.048856;0.043501;0.028468;0.021309
0.100706;0.008858;0.105882;0.002683;0.062276;0.150993;0.092698;0.103380;0.032614;0.056450;0.129823;0.053274;0.046414;0.030763;0.023188
0.062551;0.016133;0.071229;0.002855;0.098741;0.049562;0.051021;0.038530;0.091344;0.114924;0.070598;0.128984;0.114257;0.047273;0.041996
0.071026;0.023795;0.069231;0.004683;0.077882;0.055827;0.051746;0.058617;0.101154;0.095983;0.084501;0.109889;0.091279;0.055237;0.049150
0.071538;0.018215;0.078403;0.004339;0.086519;0.067906;0.062930;0.056011;0.076917;0.100202;0.091664;0.105289;0.089717;0.048456;0.041891
0.074683;0.046081;0.051939;0.008616;0.065759;0.037780;0.034874;0.053550;0.135412;0.079572;0.054785;0.105618;0.098087;0.081308;0.071937
0.077026;0.011483;0.093765;0.003534;0.094231;0.093119;0.083388;0.057005;0.048185;0.096261;0.100999;0.090462;0.079949;0.038586;0.032007
0.067682;0.011014;0.087168;0.002788;0.107674;0.072509;0.071522;0.042459;0.057149;0.112611;0.086052;0.109967;0.099627;0.038637;0.033139
0.088292;0.010003;0.102070;0.003149;0.080834;0.119678;0.091782;0.076014;0.040094;0.076966;0.115295;0.071577;0.061963;0.034659;0.027622
0.072607;0.010770;0.092145;0.003115;0.102510;0.084743;0.079865;0.049208;0.049944;0.104511;0.094238;0.098624;0.088446;0.037732;0.031542
0.080514;0.010674;0.097845;0.003412;0.092117;0.101966;0.088127;0.061299;0.043767;0.090584;0.104318;0.084134;0.074203;0.036734;0.030306
0.084339;0.009739;0.102193;0.003282;0.092315;0.110422;0.093097;0.063384;0.038886;0.085644;0.103859;0.078925;0.070531;0.034824;0.028561
0.070181;0.010765;0.089931;0.002953;0.106279;0.078945;0.075819;0.045339;0.052571;0.108631;0.089703;0.104011;0.094434;0.038293;0.032144
0.075868;0.009918;0.096059;0.003142;0.103987;0.091814;0.085332;0.050105;0.043793;0.100852;0.093520;0.093460;0.085263;0.036628;0.030260
0.111249;0.004642;0.113601;0.001163;0.046410;0.205505;0.094529;0.130326;0.019453;0.036802;0.136455;0.034782;0.031061;0.020325;0.013698
0.107357;0.006960;0.115257;0.002386;0.068357;0.163365;0.102812;0.097211;0.025161;0.053324;0.117649;0.049170;0.044609;0.026454;0.019927
0.108121;0.006164;0.115107;0.001890;0.061494;0.174839;0.100277;0.105953;0.023858;0.048667;0.125423;0.045143;0.040448;0.024643;0.017973
0.092608;0.010092;0.104251;0.003394;0.075873;0.128536;0.094246;0.082979;0.037000;0.070074;0.117907;0.065099;0.056975;0.033969;0.026996
0.086550;0.009376;0.104345;0.003249;0.092606;0.114317;0.095826;0.064414;0.036874;0.083091;0.102825;0.076300;0.068788;0.033809;0.027631
0.081166;0.010378;0.098979;0.003372;0.093026;0.103554;0.089512;0.061312;0.042514;0.089764;0.103725;0.083184;0.073677;0.036112;0.029726
0.075689;0.020603;0.077666;0.005004;0.078444;0.071334;0.062815;0.064496;0.077762;0.092610;0.097218;0.098220;0.082043;0.052090;0.044006
0.071080;0.032400;0.057719;0.005200;0.072153;0.041855;0.039174;0.054832;0.133311;0.089371;0.066513;0.114268;0.098564;0.065367;0.058195
