0.004810;0.028429;0.000223;0.886810;0.000296;0.000870;0.000235;0.000821;0.030555;0.000408;0.000197;0.000303;0.000361;0.007815;0.037868
0.001705;0.001383;0.000136;0.924762;0.000176;0.006230;0.000197;0.001668;0.008872;0.000303;0.000123;0.000305;0.000239;0.001390;0.052511
0.067611;0.082167;0.001816;0.206771;0.003950;0.002247;0.002304;0.002689;0.007375;0.004291;0.001715;0.004425;0.010138;0.406165;0.196335
0.000144;0.000024;0.000001;0.992081;0.000001;0.004984;0.000004;0.000152;0.001243;0.000004;0.000001;0.000020;0.000012;0.000406;0.000924
0.025060;0.016792;0.000696;0.710947;0.001164;0.006084;0.000799;0.004761;0.012197;0.001332;0.000614;0.001172;0.001484;0.024812;0.192087
0.870202;0.003684;0.000228;0.001822;0.014145;0.001372;0.000252;0.000335;0.001209;0.015143;0.000210;0.032521;0.036889;0.020224;0.001764
0.001411;0.001658;0.000021;0.884174;0.000073;0.001537;0.000028;0.000705;0.002652;0.000084;0.000019;0.000076;0.000070;0.004843;0.102648
0.000954;0.001202;0.000189;0.920894;0.000215;0.006204;0.000248;0.005198;0.019932;0.000583;0.000157;0.000192;0.000256;0.001607;0.042168
0.357397;0.071062;0.001906;0.030168;0.007165;0.002116;0.002261;0.002123;0.011451;0.003611;0.001655;0.007630;0.025362;0.448351;0.027742
0.173213;0.030256;0.001223;0.013219;0.006850;0.001433;0.001244;0.001197;0.005294;0.004899;0.000970;0.007761;0.042159;0.641641;0.068642
0.179403;0.020268;0.001429;0.008468;0.013743;0.001882;0.001355;0.000984;0.003499;0.007898;0.000904;0.021680;0.107718;0.549049;0.081719
0.028346;0.105421;0.001384;0.649945;0.002352;0.002661;0.001528;0.002641;0.009925;0.002615;0.001235;0.002415;0.004856;0.101550;0.083125
0.333692;0.031890;0.000676;0.007039;0.005293;0.000911;0.000654;0.000738;0.005517;0.003347;0.000547;0.009295;0.040654;0.534028;0.025720
0.213754;0.040001;0.004079;0.130766;0.009626;0.005947;0.004845;0.004863;0.008735;0.010201;0.003567;0.009852;0.027970;0.352934;0.172859
0.243678;0.016610;0.002597;0.003602;0.048692;0.005579;0.002308;0.002259;0.020037;0.134037;0.001697;0.034609;0.144369;0.315248;0.024677
0.368275;0.001629;0.000870;0.001757;0.227541;0.014378;0.001052;0.000848;0.001833;0.046535;0.000716;0.075114;0.242903;0.012684;0.003866
0.037323;0.000362;0.002347;0.000358;0.209987;0.481473;0.004248;0.000786;0.000592;0.024149;0.000927;0.093432;0.141826;0.000392;0.001799
0.086655;0.001317;0.002379;0.001193;0.150479;0.415204;0.004571;0.001548;0.002258;0.032491;0.002468;0.143184;0.151697;0.001690;0.002866
0.670017;0.000620;0.000876;0.000401;0.025089;0.120371;0.001794;0.004216;0.002320;0.002910;0.018820;0.102457;0.048108;0.000862;0.001139
0.486451;0.000461;0.003477;0.000401;0.049855;0.242887;0.007348;0.019984;0.001578;0.024316;0.021473;0.082067;0.050407;0.000972;0.008324
0.486738;0.000515;0.001919;0.000500;0.073460;0.284314;0.005314;0.002401;0.000818;0.002041;0.009659;0.062111;0.067538;0.000861;0.001814
0.231054;0.000840;0.003715;0.000624;0.030693;0.481453;0.007964;0.004387;0.003216;0.009819;0.016318;0.159659;0.046582;0.001068;0.002606
0.673995;0.000315;0.000528;0.000254;0.015638;0.188858;0.001231;0.001671;0.001084;0.003575;0.005993;0.083805;0.021663;0.000724;0.000668
0.763692;0.000321;0.000569;0.000184;0.008708;0.117039;0.001247;0.002934;0.002306;0.003758;0.015808;0.065801;0.015628;0.001037;0.000968
0.464604;0.000499;0.002856;0.000434;0.022904;0.367936;0.010032;0.032709;0.001207;0.001855;0.045558;0.023370;0.022649;0.001025;0.002361
0.319282;0.000370;0.001305;0.000354;0.098206;0.417175;0.004150;0.002161;0.000627;0.006575;0.002983;0.076825;0.068252;0.000575;0.001159
0.312721;0.000448;0.007297;0.000399;0.090165;0.364929;0.021127;0.020103;0.001468;0.038206;0.023392;0.044300;0.064903;0.001058;0.009485
0.363925;0.000215;0.000854;0.000232;0.039359;0.518452;0.002657;0.000863;0.000359;0.009135;0.001477;0.031614;0.029834;0.000276;0.000749
0.486304;0.000293;0.001620;0.000280;0.043188;0.294308;0.003293;0.004637;0.000981;0.011579;0.010480;0.095502;0.044710;0.000546;0.002278
0.420130;0.000176;0.001466;0.000233;0.102107;0.373183;0.002288;0.003456;0.000301;0.004280;0.003648;0.032357;0.054768;0.000300;0.001308
0.171319;0.001104;0.014459;0.000882;0.161397;0.335525;0.030827;0.035923;0.002956;0.038556;0.044807;0.047434;0.104186;0.001606;0.009019
0.253072;0.001306;0.013074;0.000899;0.050512;0.253376;0.040124;0.086989;0.005682;0.038984;0.120311;0.070869;0.050797;0.002183;0.011824
0.346970;0.000195;0.002060;0.000215;0.058189;0.451602;0.012301;0.005886;0.000449;0.011390;0.007595;0.050429;0.050285;0.000277;0.002155
0.836672;0.000375;0.000779;0.000360;0.015079;0.050339;0.001222;0.014908;0.003513;0.029906;0.019244;0.009452;0.014315;0.001519;0.002316
0.339838;0.002106;0.009739;0.001514;0.116429;0.146623;0.020492;0.060095;0.006412;0.114856;0.059173;0.041710;0.068968;0.003585;0.008459
0.338367;0.000523;0.005035;0.000417;0.082082;0.347887;0.009616;0.008802;0.002137;0.078833;0.016589;0.045553;0.059857;0.001086;0.003214
0.576233;0.004120;0.000558;0.000573;0.005427;0.002857;0.000567;0.003228;0.279030;0.068151;0.001373;0.011888;0.008882;0.034215;0.002899
0.425936;0.004720;0.000419;0.000408;0.006994;0.002970;0.000428;0.001829;0.468168;0.028481;0.001674;0.023100;0.010590;0.021745;0.002539
0.561524;0.041480;0.000660;0.001771;0.007894;0.001355;0.000704;0.004183;0.106756;0.016461;0.000878;0.012542;0.026674;0.202677;0.014442
0.188008;0.005711;0.001649;0.000855;0.009847;0.006325;0.001202;0.007844;0.461626;0.217750;0.004822;0.020445;0.020818;0.043300;0.009797
0.902864;0.000801;0.000140;0.000186;0.005234;0.003972;0.000141;0.000730;0.034027;0.004330;0.000518;0.027889;0.012253;0.006363;0.000553
0.274626;0.070295;0.000811;0.006662;0.004616;0.000874;0.000791;0.001091;0.006820;0.004352;0.000660;0.002526;0.014957;0.603230;0.007690
0.769670;0.000820;0.000693;0.000305;0.017970;0.011960;0.000451;0.003193;0.034227;0.024261;0.001662;0.094400;0.032036;0.005161;0.003191
0.714985;0.000320;0.000625;0.000214;0.021114;0.078025;0.000536;0.002305;0.004211;0.011564;0.003507;0.130363;0.030118;0.000971;0.001141
0.687792;0.000532;0.002865;0.000406;0.034069;0.106484;0.003118;0.006755;0.003497;0.025541;0.020406;0.060889;0.038341;0.002880;0.006425
0.545585;0.000562;0.002197;0.000388;0.041903;0.126227;0.003447;0.010496;0.002783;0.012337;0.031997;0.165997;0.052235;0.001323;0.002523
0.114951;0.000849;0.002649;0.000380;0.081384;0.022738;0.003614;0.009868;0.004644;0.003349;0.020419;0.569903;0.161796;0.000672;0.002784
0.336655;0.000940;0.001890;0.000489;0.112783;0.020888;0.002920;0.010298;0.002707;0.004171;0.028476;0.344954;0.128039;0.000985;0.003805
0.429098;0.003170;0.007931;0.002669;0.088622;0.019361;0.013034;0.028652;0.004601;0.003502;0.096632;0.085952;0.203092;0.004178;0.009506
0.566875;0.006241;0.008485;0.003078;0.049360;0.004652;0.005392;0.087661;0.008392;0.003933;0.105195;0.026031;0.081990;0.008650;0.034065
0.041424;0.017550;0.030462;0.009325;0.010153;0.003799;0.007892;0.568514;0.019067;0.005936;0.122390;0.005813;0.025222;0.083127;0.049326
0.110494;0.007584;0.067476;0.004261;0.020414;0.005242;0.017092;0.166656;0.009297;0.009499;0.361326;0.010431;0.096539;0.033822;0.079865
0.347456;0.004621;0.010553;0.001939;0.044687;0.009025;0.015264;0.046625;0.015448;0.007186;0.176506;0.152503;0.147534;0.006130;0.014523
0.495186;0.005619;0.006221;0.002227;0.032590;0.003774;0.005789;0.111339;0.007452;0.002872;0.189438;0.045587;0.070929;0.003808;0.017168
0.052263;0.003304;0.000926;0.000524;0.005006;0.003704;0.000658;0.013133;0.820907;0.044791;0.007748;0.009330;0.009547;0.023686;0.004473
0.283039;0.002100;0.002206;0.000357;0.020954;0.014547;0.001596;0.005951;0.045288;0.016804;0.024320;0.499924;0.073024;0.004330;0.005561
0.630536;0.001813;0.001631;0.001029;0.006893;0.036271;0.002032;0.007085;0.074874;0.064072;0.007255;0.148150;0.013774;0.002311;0.002274
0.880983;0.000234;0.000089;0.000132;0.008711;0.006855;0.000095;0.000500;0.006964;0.009855;0.000178;0.068881;0.015573;0.000723;0.000226
0.920483;0.000470;0.000093;0.000122;0.000603;0.002842;0.000101;0.000966;0.050150;0.013922;0.000639;0.003872;0.001219;0.004188;0.000329
0.801631;0.003457;0.000181;0.000389;0.004519;0.001806;0.000193;0.001479;0.119828;0.028376;0.000481;0.010756;0.005631;0.019874;0.001400
0.904123;0.000658;0.000614;0.000511;0.003308;0.010622;0.000534;0.004456;0.013292;0.016401;0.014648;0.003082;0.005660;0.019450;0.002640
0.902888;0.002183;0.000104;0.002684;0.004274;0.000634;0.000104;0.000258;0.000717;0.001148;0.000115;0.001037;0.007535;0.074414;0.001906
0.558617;0.022229;0.002401;0.031832;0.006465;0.004177;0.002428;0.004015;0.009253;0.011783;0.002166;0.004379;0.011464;0.095586;0.233205
0.829154;0.001699;0.000297;0.000932;0.038108;0.002248;0.000309;0.000420;0.003528;0.028396;0.000294;0.020911;0.041162;0.027036;0.005507
0.782698;0.006134;0.001246;0.010568;0.009597;0.004930;0.001290;0.002079;0.002859;0.020121;0.000992;0.003994;0.015823;0.081235;0.056433
0.400004;0.017655;0.003171;0.011097;0.006548;0.010440;0.002845;0.008398;0.021844;0.029356;0.002567;0.005826;0.009096;0.179498;0.291655
0.771698;0.000427;0.000264;0.000251;0.024733;0.037574;0.000319;0.001208;0.006314;0.014392;0.000666;0.119199;0.021537;0.000877;0.000540
0.701075;0.000255;0.000392;0.000180;0.014851;0.215362;0.000414;0.001707;0.002698;0.013922;0.001259;0.034138;0.012536;0.000556;0.000655
0.726108;0.001257;0.001065;0.000670;0.013697;0.028420;0.001091;0.003889;0.047538;0.066165;0.002076;0.086915;0.016885;0.002329;0.001895
0.884077;0.000086;0.000044;0.000076;0.006341;0.035578;0.000060;0.000374;0.001248;0.003577;0.000435;0.061800;0.006037;0.000171;0.000100
0.552401;0.000609;0.001555;0.000364;0.028340;0.167467;0.001497;0.006143;0.007837;0.031034;0.007411;0.160807;0.031770;0.001042;0.001723
0.864376;0.000192;0.000271;0.000192;0.004591;0.070799;0.000340;0.003848;0.003557;0.022832;0.002124;0.019362;0.006255;0.000664;0.000596
0.026344;0.000029;0.001664;0.000045;0.039274;0.906986;0.003179;0.000457;0.000042;0.008060;0.000191;0.001408;0.011794;0.000033;0.000494
0.017658;0.000026;0.001780;0.000039;0.027557;0.935325;0.005216;0.000455;0.000033;0.001845;0.000166;0.000929;0.008644;0.000029;0.000298
0.022854;0.000104;0.004558;0.000125;0.170050;0.731715;0.012558;0.000710;0.000107;0.002846;0.000477;0.003177;0.049947;0.000100;0.000672
0.051767;0.000015;0.000345;0.000030;0.018224;0.918720;0.000544;0.000221;0.000021;0.003047;0.000115;0.001010;0.005796;0.000021;0.000122
0.036015;0.000017;0.000885;0.000034;0.027943;0.920858;0.001932;0.000361;0.000023;0.002841;0.000118;0.000839;0.007884;0.000025;0.000224
0.093827;0.000029;0.000463;0.000038;0.013243;0.871995;0.000738;0.001031;0.000141;0.009212;0.000387;0.001939;0.006644;0.000037;0.000276
0.000233;0.879346;0.000166;0.001757;0.000147;0.000007;0.000090;0.000511;0.007784;0.000048;0.000055;0.000174;0.002153;0.106485;0.001042
0.000767;0.799177;0.002904;0.000465;0.000412;0.000092;0.000467;0.011693;0.123363;0.000128;0.004687;0.002854;0.003183;0.047983;0.001826
0.000125;0.957158;0.000308;0.003127;0.000138;0.000037;0.000137;0.008372;0.008606;0.000123;0.000077;0.000116;0.000428;0.010677;0.010570
0.001369;0.283158;0.002975;0.003208;0.001363;0.000431;0.001220;0.003122;0.025465;0.001545;0.000640;0.002022;0.008355;0.561459;0.103669
0.013132;0.582100;0.000923;0.002881;0.002420;0.000354;0.000563;0.007473;0.046010;0.001960;0.000641;0.003212;0.016173;0.309757;0.012400
0.000083;0.921038;0.000095;0.031612;0.000086;0.000008;0.000054;0.000462;0.001753;0.000075;0.000035;0.000066;0.000328;0.040650;0.003657
0.000041;0.969775;0.000040;0.001902;0.000069;0.000001;0.000046;0.000079;0.001459;0.000032;0.000020;0.000077;0.000473;0.025929;0.000058
0.000008;0.935911;0.000004;0.059337;0.000009;0.000002;0.000008;0.000079;0.001470;0.000003;0.000003;0.000033;0.000052;0.002978;0.000104
0.001528;0.346011;0.001987;0.017830;0.001343;0.000512;0.001433;0.003032;0.010847;0.001636;0.000745;0.001538;0.008277;0.520813;0.082467
0.008192;0.049506;0.001203;0.002850;0.002413;0.000517;0.001067;0.002432;0.011850;0.004286;0.000534;0.003204;0.020400;0.830310;0.061235
0.006464;0.642126;0.001079;0.001249;0.002461;0.000483;0.000615;0.008023;0.129710;0.004266;0.001411;0.002422;0.007381;0.183909;0.008401
0.001613;0.859440;0.000974;0.002671;0.001051;0.000172;0.000514;0.010641;0.024207;0.000758;0.000260;0.001275;0.004707;0.080709;0.011010
0.000296;0.507391;0.000779;0.003837;0.000247;0.000071;0.000416;0.002827;0.007776;0.000377;0.000118;0.000256;0.001878;0.449609;0.024123
0.000304;0.831994;0.003202;0.000290;0.000481;0.000031;0.000805;0.002588;0.051308;0.000080;0.000548;0.001951;0.007745;0.096891;0.001782
0.001690;0.691067;0.000227;0.006210;0.000439;0.000047;0.000188;0.000819;0.008936;0.000408;0.000145;0.000565;0.004089;0.280493;0.004677
0.000301;0.852914;0.001069;0.000470;0.000262;0.000029;0.000257;0.005188;0.041721;0.000055;0.000439;0.000888;0.002672;0.091821;0.001914
0.000253;0.810647;0.005271;0.000729;0.000219;0.000069;0.000402;0.015813;0.056143;0.000105;0.001392;0.000319;0.001345;0.103564;0.003727
0.000900;0.750895;0.005379;0.000632;0.000438;0.000059;0.000979;0.009212;0.135812;0.000080;0.002748;0.004607;0.007649;0.077921;0.002688
0.002250;0.842889;0.000607;0.004136;0.000964;0.000210;0.000447;0.018849;0.061742;0.000374;0.000473;0.002263;0.008033;0.044660;0.012102
0.005060;0.214112;0.005484;0.001502;0.004072;0.000499;0.002261;0.019083;0.117966;0.003696;0.001831;0.005784;0.024131;0.556033;0.038484
0.047125;0.102039;0.006968;0.001598;0.015336;0.001577;0.003220;0.015681;0.353339;0.009508;0.008814;0.063108;0.073190;0.272865;0.025634
0.015606;0.579003;0.000376;0.005810;0.000890;0.000264;0.000324;0.004099;0.031155;0.001898;0.000378;0.000889;0.004563;0.342628;0.012118
0.010278;0.123498;0.001097;0.000877;0.002171;0.000369;0.000547;0.002363;0.094283;0.009649;0.000851;0.003210;0.012753;0.725504;0.012550
0.030195;0.197719;0.000320;0.004208;0.001206;0.000276;0.000252;0.001880;0.037250;0.002075;0.000236;0.000983;0.010771;0.696024;0.016607
0.001331;0.595618;0.000277;0.004729;0.000310;0.000064;0.000206;0.000954;0.013499;0.000493;0.000144;0.000339;0.003400;0.371159;0.007476
0.000425;0.371840;0.000468;0.000677;0.000222;0.000035;0.000132;0.001601;0.027096;0.000720;0.000169;0.000139;0.001932;0.589304;0.005241
0.001066;0.695499;0.000358;0.002642;0.000412;0.000026;0.000160;0.003626;0.026564;0.000126;0.000146;0.000550;0.006417;0.258595;0.003813
0.008024;0.113923;0.056596;0.002918;0.007697;0.002635;0.012401;0.265815;0.301433;0.003149;0.127992;0.045488;0.020891;0.012921;0.018115
0.010175;0.404207;0.011172;0.001737;0.007339;0.000642;0.004673;0.017171;0.254139;0.001031;0.003940;0.088470;0.082968;0.101717;0.010619
0.005116;0.642319;0.013614;0.001464;0.004224;0.000534;0.003743;0.039945;0.147662;0.000686;0.009319;0.054138;0.042365;0.031460;0.003410
0.010171;0.001127;0.001871;0.000204;0.057676;0.003863;0.005318;0.001712;0.003131;0.007372;0.004412;0.677805;0.222523;0.000757;0.002059
0.108655;0.023729;0.004865;0.004492;0.198893;0.005590;0.004479;0.008502;0.024557;0.192748;0.002503;0.082892;0.167730;0.066131;0.104235
0.009602;0.854177;0.000493;0.027234;0.001481;0.000277;0.000462;0.001043;0.009948;0.001252;0.000391;0.001039;0.004465;0.076659;0.011476
0.005397;0.805083;0.000585;0.027223;0.001102;0.000605;0.000632;0.004187;0.027127;0.001409;0.000516;0.001396;0.004260;0.073158;0.047319
0.007268;0.457822;0.002130;0.235969;0.003083;0.002414;0.002095;0.005782;0.017183;0.003321;0.001903;0.002812;0.006283;0.124232;0.127701
0.018097;0.020877;0.013865;0.000712;0.032588;0.004408;0.005613;0.009535;0.556946;0.013107;0.016888;0.170796;0.096219;0.029828;0.010523
0.081075;0.307281;0.003535;0.012971;0.025074;0.003857;0.003657;0.007007;0.033673;0.037987;0.002434;0.019312;0.065169;0.252011;0.144956
0.038698;0.013624;0.002446;0.000971;0.105816;0.002063;0.002116;0.001903;0.025190;0.032242;0.001417;0.501672;0.245426;0.018941;0.007475
0.013257;0.003927;0.004756;0.000387;0.100966;0.002404;0.004521;0.010209;0.009368;0.006599;0.007759;0.550658;0.278935;0.001181;0.005073
0.017063;0.017618;0.010417;0.002852;0.235870;0.003610;0.006997;0.007514;0.007740;0.040637;0.001501;0.130694;0.337670;0.034686;0.145132
0.007457;0.011591;0.019293;0.001212;0.005842;0.002979;0.010239;0.118605;0.114340;0.016777;0.022456;0.012525;0.015135;0.062008;0.579542
0.007537;0.015532;0.028367;0.001684;0.009404;0.003361;0.019632;0.029762;0.129072;0.034559;0.008849;0.025962;0.024574;0.096116;0.565588
0.101237;0.308071;0.002419;0.016000;0.020869;0.002264;0.002506;0.004762;0.021602;0.004207;0.001852;0.018331;0.080931;0.340800;0.074149
0.031085;0.576706;0.001105;0.031018;0.003525;0.000810;0.001280;0.001225;0.010658;0.002261;0.000868;0.004392;0.013918;0.284359;0.036789
0.520981;0.074882;0.003549;0.037819;0.029493;0.003989;0.003752;0.003502;0.007420;0.011061;0.002810;0.019495;0.081471;0.125876;0.073900
0.193170;0.163188;0.005192;0.022326;0.031532;0.005335;0.005564;0.010135;0.019581;0.012016;0.004139;0.039382;0.147643;0.168191;0.172607
0.019473;0.084967;0.000844;0.114528;0.001667;0.001433;0.001058;0.002312;0.005775;0.002258;0.000745;0.001786;0.005253;0.239741;0.518160
0.016070;0.563115;0.001603;0.259624;0.003086;0.001769;0.001864;0.003432;0.017263;0.002738;0.001495;0.003708;0.007692;0.082085;0.034456
0.000010;0.992961;0.000013;0.000708;0.000008;0.000004;0.000009;0.000893;0.002741;0.000015;0.000005;0.000008;0.000027;0.002425;0.000174
0.000037;0.980936;0.000075;0.001126;0.000029;0.000012;0.000045;0.002602;0.004904;0.000051;0.000020;0.000031;0.000117;0.009047;0.000969
0.000029;0.967899;0.000051;0.000343;0.000019;0.000009;0.000037;0.000545;0.005262;0.000076;0.000012;0.000023;0.000096;0.025502;0.000096
0.000367;0.767373;0.000304;0.001713;0.000149;0.000097;0.000172;0.002338;0.022493;0.001096;0.000103;0.000146;0.000586;0.199810;0.003253
0.000261;0.782350;0.001327;0.002074;0.000219;0.000116;0.000463;0.008401;0.017970;0.000675;0.000151;0.000187;0.000572;0.116782;0.068450
0.000008;0.992171;0.000066;0.000079;0.000006;0.000004;0.000019;0.000703;0.005056;0.000012;0.000012;0.000016;0.000032;0.001747;0.000071
0.002984;0.061948;0.007819;0.001514;0.001331;0.001038;0.002083;0.496775;0.276403;0.002756;0.081111;0.002023;0.002261;0.051917;0.008037
0.001143;0.553561;0.030752;0.001943;0.001133;0.000790;0.002302;0.166140;0.137297;0.002401;0.006055;0.001350;0.001737;0.077156;0.016239
0.000044;0.972470;0.000486;0.000280;0.000036;0.000023;0.000073;0.002748;0.013523;0.000111;0.000122;0.000061;0.000098;0.009250;0.000675
0.000686;0.854051;0.001990;0.001066;0.000611;0.000327;0.000660;0.011290;0.065894;0.001374;0.000650;0.000670;0.001556;0.052280;0.006894
0.000065;0.988887;0.000033;0.001680;0.000031;0.000007;0.000029;0.000475;0.004430;0.000038;0.000017;0.000035;0.000096;0.003871;0.000306
0.004679;0.634157;0.005495;0.002355;0.002622;0.002015;0.002617;0.023210;0.205317;0.010672;0.005400;0.005607;0.006142;0.079079;0.010632
0.000018;0.563938;0.000007;0.425112;0.000011;0.000017;0.000007;0.000772;0.002953;0.000009;0.000005;0.000007;0.000012;0.004373;0.002757
0.000017;0.897036;0.000005;0.087174;0.000006;0.000013;0.000005;0.001200;0.010405;0.000006;0.000003;0.000005;0.000009;0.003252;0.000865
0.000016;0.988073;0.000003;0.007938;0.000008;0.000002;0.000004;0.000047;0.002244;0.000005;0.000003;0.000009;0.000024;0.001588;0.000038
0.000375;0.954601;0.000105;0.006885;0.000150;0.000025;0.000072;0.000427;0.004188;0.000224;0.000075;0.000127;0.000353;0.030380;0.002013
0.000064;0.646443;0.000031;0.305490;0.000034;0.000106;0.000034;0.008575;0.031317;0.000051;0.000027;0.000032;0.000048;0.004146;0.003602
0.000089;0.963069;0.000030;0.011463;0.000044;0.000012;0.000026;0.000511;0.002784;0.000043;0.000021;0.000035;0.000147;0.020339;0.001388
0.000022;0.198498;0.000005;0.793127;0.000003;0.000054;0.000004;0.001060;0.005481;0.000013;0.000003;0.000004;0.000004;0.001262;0.000461
0.001483;0.644116;0.000393;0.087921;0.000837;0.000125;0.000570;0.000410;0.004026;0.000550;0.000226;0.000927;0.003229;0.252415;0.002770
0.003436;0.738632;0.000293;0.038408;0.000665;0.000190;0.000477;0.001041;0.006799;0.000640;0.000229;0.000915;0.003179;0.198388;0.006707
0.000215;0.938586;0.000088;0.039060;0.000113;0.000058;0.000107;0.000490;0.004632;0.000110;0.000068;0.000158;0.000277;0.010295;0.005742
0.000055;0.725940;0.000031;0.243037;0.000029;0.000115;0.000034;0.004818;0.021837;0.000038;0.000025;0.000027;0.000036;0.002642;0.001336
0.001131;0.889886;0.000197;0.066753;0.000349;0.000186;0.000231;0.001214;0.005760;0.000369;0.000185;0.000358;0.000894;0.022798;0.009690
0.000440;0.953724;0.000094;0.021528;0.000158;0.000072;0.000111;0.001665;0.007926;0.000152;0.000086;0.000166;0.000362;0.008963;0.004554
0.000109;0.992676;0.000021;0.001444;0.000053;0.000003;0.000025;0.000039;0.003175;0.000036;0.000015;0.000054;0.000164;0.002101;0.000083
0.000034;0.884104;0.000925;0.000055;0.000021;0.000012;0.000042;0.006559;0.103134;0.000018;0.001868;0.000206;0.000080;0.002856;0.000087
0.000637;0.517347;0.000263;0.272311;0.000491;0.000115;0.000229;0.000541;0.004401;0.000340;0.000147;0.000404;0.001670;0.172422;0.028680
0.004702;0.516688;0.000977;0.349728;0.001945;0.000918;0.001071;0.003534;0.015645;0.001346;0.000896;0.002145;0.004737;0.072184;0.023485
0.000229;0.235150;0.000100;0.719729;0.000136;0.000218;0.000105;0.006518;0.020180;0.000154;0.000085;0.000105;0.000244;0.008391;0.008657
0.000264;0.760659;0.000448;0.000574;0.000248;0.000075;0.000462;0.002050;0.015131;0.000761;0.000061;0.000522;0.001817;0.212696;0.004232
0.000089;0.986944;0.000041;0.003158;0.000031;0.000023;0.000033;0.000866;0.004116;0.000048;0.000017;0.000031;0.000104;0.003315;0.001183
0.000181;0.940705;0.000224;0.000299;0.000073;0.000042;0.000121;0.002135;0.013007;0.000816;0.000076;0.000215;0.000477;0.041353;0.000276
0.001165;0.762611;0.000176;0.000756;0.000373;0.000079;0.000257;0.000651;0.017518;0.000571;0.000085;0.001440;0.004927;0.207540;0.001850
0.000941;0.951405;0.000057;0.000609;0.000139;0.000035;0.000052;0.000158;0.007292;0.000442;0.000044;0.000454;0.000929;0.036965;0.000478
0.000253;0.963424;0.000040;0.003420;0.000094;0.000011;0.000067;0.000099;0.003190;0.000086;0.000030;0.000119;0.000309;0.028698;0.000159
0.000173;0.967348;0.000038;0.001459;0.000049;0.000020;0.000034;0.000306;0.003682;0.000280;0.000023;0.000044;0.000164;0.026175;0.000204
0.000162;0.973910;0.000036;0.000305;0.000029;0.000013;0.000021;0.000323;0.006369;0.000222;0.000028;0.000043;0.000130;0.018322;0.000087
0.000067;0.991537;0.000015;0.001468;0.000022;0.000005;0.000017;0.000129;0.003480;0.000034;0.000011;0.000027;0.000068;0.002977;0.000144
0.000112;0.981245;0.000022;0.000472;0.000029;0.000010;0.000019;0.000259;0.004112;0.000123;0.000016;0.000042;0.000148;0.013302;0.000089
0.000016;0.993089;0.000030;0.000193;0.000011;0.000006;0.000021;0.000489;0.004274;0.000033;0.000007;0.000021;0.000056;0.001652;0.000102
0.000081;0.889484;0.008093;0.000155;0.000132;0.000056;0.001632;0.007645;0.075491;0.000231;0.000569;0.001108;0.000692;0.013872;0.000759
0.000043;0.994729;0.000008;0.000415;0.000012;0.000002;0.000009;0.000071;0.001421;0.000025;0.000007;0.000015;0.000035;0.003194;0.000016
0.001462;0.705699;0.000102;0.003131;0.000153;0.000019;0.000085;0.000159;0.005624;0.000314;0.000090;0.000171;0.000722;0.281561;0.000708
0.000113;0.985745;0.000028;0.001606;0.000048;0.000005;0.000038;0.000072;0.002288;0.000059;0.000022;0.000066;0.000161;0.009534;0.000214
0.000614;0.944197;0.000167;0.000432;0.000207;0.000093;0.000122;0.000809;0.039231;0.000320;0.000170;0.000654;0.000610;0.011910;0.000465
0.000467;0.935982;0.000126;0.001136;0.000099;0.000049;0.000068;0.000985;0.014457;0.000656;0.000081;0.000121;0.000266;0.045009;0.000498
0.000813;0.945867;0.000125;0.006754;0.000202;0.000056;0.000115;0.000917;0.006990;0.000429;0.000111;0.000214;0.000465;0.034476;0.002465
0.002166;0.091732;0.000223;0.006094;0.000551;0.000073;0.000207;0.000143;0.003561;0.000307;0.000159;0.000788;0.005279;0.883368;0.005350
0.004495;0.177622;0.000666;0.021204;0.001200;0.000172;0.000730;0.000899;0.006085;0.000734;0.000438;0.001390;0.008583;0.771121;0.004661
0.002824;0.260403;0.004384;0.001362;0.002567;0.000348;0.002446;0.005631;0.068509;0.001349;0.000645;0.019729;0.044149;0.570263;0.015389
0.008768;0.127526;0.000260;0.000836;0.001371;0.000105;0.000279;0.000224;0.017894;0.000234;0.000133;0.007426;0.029607;0.803222;0.002114
0.006001;0.657734;0.000097;0.001867;0.000235;0.000063;0.000081;0.000410;0.015405;0.000261;0.000103;0.000619;0.002813;0.312659;0.001651
0.005786;0.431187;0.000211;0.000883;0.000428;0.000096;0.000132;0.000759;0.042116;0.000702;0.000237;0.001685;0.004973;0.507720;0.003084
0.050692;0.168386;0.000066;0.001402;0.000540;0.000067;0.000057;0.000067;0.017298;0.000211;0.000075;0.003522;0.012153;0.744802;0.000660
0.002598;0.140893;0.000371;0.014204;0.000728;0.000117;0.000447;0.000260;0.004419;0.000620;0.000296;0.000819;0.002144;0.830322;0.001763
0.006860;0.023232;0.000045;0.001116;0.000113;0.000030;0.000041;0.000098;0.007080;0.000301;0.000062;0.000321;0.003295;0.955879;0.001529
0.010001;0.082552;0.000156;0.001154;0.000587;0.000104;0.000132;0.000388;0.028223;0.000580;0.000174;0.001663;0.013961;0.856280;0.004044
0.004139;0.849809;0.000144;0.003149;0.000236;0.000071;0.000122;0.000696;0.014975;0.000297;0.000139;0.000306;0.000933;0.124194;0.000791
0.000468;0.925446;0.000111;0.022754;0.000224;0.000031;0.000187;0.000567;0.003697;0.000172;0.000083;0.000277;0.000748;0.043906;0.001329
0.000043;0.983602;0.000021;0.006792;0.000069;0.000001;0.000046;0.000019;0.000949;0.000026;0.000010;0.000076;0.000384;0.007933;0.000028
0.000037;0.963818;0.000019;0.025529;0.000048;0.000004;0.000034;0.000078;0.002155;0.000021;0.000010;0.000095;0.000303;0.007665;0.000185
0.000008;0.992498;0.000005;0.005490;0.000014;0.000001;0.000008;0.000006;0.000510;0.000006;0.000002;0.000014;0.000054;0.001377;0.000007
0.002129;0.676207;0.000450;0.046116;0.001140;0.000091;0.000704;0.000322;0.004043;0.000665;0.000269;0.001266;0.004553;0.260290;0.001755
0.007591;0.104321;0.000554;0.000899;0.001690;0.000376;0.000541;0.000325;0.045484;0.000664;0.000548;0.011169;0.028450;0.795624;0.001763
0.032162;0.138129;0.000134;0.002521;0.000600;0.000119;0.000125;0.000361;0.021675;0.000667;0.000143;0.000911;0.005627;0.792020;0.004805
0.001642;0.736131;0.000087;0.002191;0.000243;0.000026;0.000074;0.000181;0.009822;0.000125;0.000075;0.000407;0.002604;0.245129;0.001261
0.001428;0.858244;0.000221;0.009010;0.000368;0.000049;0.000226;0.000131;0.003547;0.000383;0.000187;0.000452;0.000668;0.124742;0.000344
0.000117;0.922319;0.000033;0.062525;0.000073;0.000024;0.000052;0.000245;0.004979;0.000053;0.000029;0.000087;0.000186;0.008829;0.000448
0.000537;0.955614;0.000151;0.009805;0.000355;0.000028;0.000207;0.000188;0.003376;0.000170;0.000090;0.000410;0.001689;0.027112;0.000269
0.000021;0.992216;0.000013;0.003756;0.000036;0.000001;0.000025;0.000019;0.001013;0.000014;0.000006;0.000034;0.000147;0.002683;0.000015
0.001833;0.726809;0.000644;0.031509;0.001047;0.000206;0.000600;0.002548;0.011977;0.000660;0.000385;0.000949;0.004667;0.192311;0.023856
0.002528;0.918427;0.000205;0.007408;0.000355;0.000063;0.000207;0.000245;0.004694;0.000396;0.000209;0.000449;0.000671;0.063854;0.000289
0.000442;0.974073;0.000036;0.001176;0.000054;0.000015;0.000036;0.000185;0.006402;0.000099;0.000041;0.000083;0.000141;0.017063;0.000154
0.000141;0.952869;0.000061;0.028087;0.000175;0.000015;0.000097;0.000058;0.001780;0.000075;0.000032;0.000170;0.000636;0.015709;0.000096
0.000241;0.890597;0.000140;0.007555;0.000251;0.000007;0.000223;0.000058;0.002582;0.000123;0.000057;0.000518;0.001417;0.096064;0.000168
0.000011;0.980792;0.000007;0.013935;0.000024;0.000002;0.000017;0.000017;0.001642;0.000007;0.000004;0.000035;0.000144;0.003351;0.000012
0.002834;0.441574;0.000690;0.037716;0.001374;0.000144;0.001172;0.000472;0.004651;0.000718;0.000351;0.002331;0.007903;0.496252;0.001817
0.032658;0.000963;0.011718;0.000802;0.111477;0.268749;0.057551;0.003272;0.002321;0.028761;0.011125;0.308060;0.156409;0.001116;0.005017
0.009947;0.001618;0.019097;0.001178;0.118722;0.043672;0.087162;0.004181;0.004338;0.009727;0.007706;0.401741;0.279035;0.002041;0.009834
0.005294;0.001235;0.080494;0.001058;0.027858;0.119056;0.499249;0.014168;0.005496;0.065985;0.035495;0.078717;0.035087;0.001526;0.029283
0.017839;0.001154;0.029389;0.000852;0.079232;0.177080;0.200434;0.017046;0.006307;0.082701;0.056646;0.254599;0.067579;0.001203;0.007938
0.061634;0.001566;0.023092;0.001108;0.108151;0.199091;0.066002;0.012780;0.006955;0.037159;0.054387;0.264392;0.151969;0.002088;0.009626
0.018424;0.001494;0.020390;0.001140;0.044455;0.342738;0.076556;0.004939;0.006043;0.219821;0.009455;0.199611;0.045506;0.001781;0.007647
0.001110;0.001026;0.452559;0.000991;0.002080;0.005077;0.281422;0.097840;0.005456;0.039997;0.049874;0.001476;0.004296;0.004122;0.052674
0.047782;0.001146;0.019934;0.000911;0.110715;0.227552;0.028468;0.016396;0.004715;0.434227;0.012300;0.022991;0.054123;0.002121;0.016620
0.032538;0.001659;0.070596;0.001540;0.048354;0.196440;0.148825;0.046902;0.006297;0.298779;0.037021;0.008707;0.055134;0.005040;0.042166
0.010991;0.000918;0.115237;0.000958;0.041787;0.165163;0.368145;0.038973;0.002635;0.130911;0.027654;0.010938;0.031284;0.001863;0.052543
0.009509;0.000621;0.068483;0.000524;0.042330;0.103636;0.508264;0.022164;0.002634;0.131022;0.026754;0.029016;0.036141;0.001145;0.017758
0.013445;0.000842;0.117683;0.000635;0.140495;0.099832;0.284596;0.037460;0.003144;0.086487;0.029286;0.045639;0.099287;0.001593;0.039576
0.009484;0.000750;0.060044;0.000606;0.117101;0.119291;0.122587;0.010824;0.004474;0.374488;0.009205;0.055232;0.100283;0.001648;0.013981
0.001566;0.001480;0.270747;0.000792;0.008571;0.011158;0.398068;0.057896;0.021807;0.072404;0.071271;0.008281;0.019235;0.004454;0.052272
0.015380;0.001433;0.097177;0.000915;0.097909;0.060777;0.182290;0.008119;0.004802;0.148651;0.030388;0.117540;0.179877;0.003401;0.051342
0.006907;0.003287;0.122537;0.001975;0.063845;0.025270;0.197634;0.013250;0.014226;0.176185;0.027316;0.149321;0.154709;0.004673;0.038865
0.020826;0.002000;0.053821;0.000843;0.048990;0.061929;0.095945;0.042028;0.029482;0.350420;0.140083;0.056621;0.074083;0.004555;0.018376
0.018712;0.000853;0.063888;0.000665;0.067559;0.087582;0.200543;0.018052;0.004251;0.341845;0.027952;0.046320;0.092420;0.002664;0.026694
0.000432;0.000476;0.459587;0.000513;0.001064;0.005484;0.430895;0.039823;0.001321;0.008529;0.021562;0.000778;0.002096;0.001420;0.026021
0.000124;0.000345;0.661408;0.000443;0.000175;0.000271;0.035995;0.269152;0.002178;0.000389;0.013247;0.000161;0.000332;0.000943;0.014838
0.000149;0.000365;0.873148;0.000515;0.000207;0.000255;0.085945;0.019381;0.000392;0.000755;0.002363;0.000161;0.000313;0.001561;0.014491
0.000175;0.000404;0.649573;0.000493;0.000461;0.000667;0.174078;0.115288;0.001755;0.001734;0.005430;0.000788;0.000831;0.001049;0.047274
0.000106;0.000232;0.722897;0.000271;0.000213;0.000217;0.224560;0.032976;0.000447;0.000356;0.006243;0.000276;0.000365;0.000445;0.010395
0.000186;0.000234;0.755113;0.000562;0.000330;0.000478;0.181063;0.037677;0.000391;0.002095;0.003849;0.000271;0.000574;0.000702;0.016476
0.000124;0.000457;0.813029;0.000417;0.000228;0.000224;0.142599;0.024968;0.000522;0.000552;0.002616;0.000278;0.000351;0.000687;0.012949
0.000053;0.002454;0.942053;0.000669;0.000097;0.000112;0.014216;0.029934;0.001887;0.000342;0.001258;0.000123;0.000197;0.001370;0.005236
0.000134;0.005524;0.948410;0.001109;0.000198;0.000196;0.011198;0.012409;0.002068;0.000665;0.002239;0.000165;0.000432;0.004315;0.010939
0.000287;0.001617;0.788679;0.000622;0.000508;0.000560;0.055238;0.096863;0.004486;0.001085;0.024074;0.000615;0.001341;0.002976;0.021049
0.000173;0.001853;0.792069;0.000553;0.000243;0.000296;0.031122;0.134735;0.005215;0.000752;0.013510;0.000270;0.000528;0.003374;0.015306
0.000115;0.000274;0.736931;0.000551;0.000227;0.000230;0.218683;0.023461;0.000364;0.001037;0.001734;0.000195;0.000288;0.000925;0.014985
0.000633;0.001404;0.406634;0.001914;0.000835;0.001077;0.010273;0.469249;0.003425;0.002750;0.013268;0.000511;0.001444;0.040396;0.046189
0.000083;0.000681;0.910295;0.001551;0.000091;0.000096;0.002890;0.066748;0.001082;0.000285;0.001792;0.000079;0.000139;0.004786;0.009404
0.000242;0.000414;0.861633;0.001553;0.000319;0.000539;0.008066;0.085581;0.000719;0.000864;0.002395;0.000205;0.000532;0.008526;0.028411
0.000256;0.000431;0.938108;0.001162;0.000368;0.000619;0.013481;0.010691;0.000472;0.001280;0.002770;0.000228;0.000774;0.008172;0.021188
0.000452;0.000960;0.690976;0.001951;0.000582;0.000849;0.012101;0.215477;0.001887;0.002258;0.005865;0.000393;0.001153;0.026636;0.038459
0.000669;0.001654;0.823770;0.003381;0.000881;0.001000;0.013084;0.052401;0.002477;0.003549;0.004873;0.000578;0.001440;0.040836;0.049408
0.000573;0.001010;0.764512;0.001209;0.000688;0.000952;0.018486;0.122412;0.002500;0.002141;0.008105;0.000553;0.001167;0.012351;0.063341
0.000595;0.001273;0.828262;0.002356;0.000810;0.001202;0.017859;0.025337;0.001817;0.003419;0.005286;0.000543;0.001602;0.041802;0.067837
0.000253;0.001144;0.866744;0.002215;0.000330;0.000339;0.007830;0.073627;0.002368;0.001191;0.004112;0.000236;0.000481;0.016050;0.023081
0.000225;0.001501;0.913616;0.002592;0.000259;0.000258;0.005755;0.030945;0.001822;0.000909;0.003096;0.000211;0.000365;0.019759;0.018688
0.000419;0.000978;0.868341;0.001411;0.000580;0.000684;0.017521;0.043717;0.001935;0.001484;0.005628;0.000404;0.001022;0.010136;0.045739
0.000236;0.001196;0.921911;0.001457;0.000341;0.000508;0.017810;0.018574;0.002639;0.001838;0.002751;0.000255;0.000700;0.010370;0.019415
0.000397;0.001527;0.489929;0.000505;0.000829;0.000574;0.380255;0.070338;0.002117;0.001207;0.026990;0.005109;0.002001;0.000734;0.017488
0.000686;0.001977;0.445113;0.000710;0.003667;0.001137;0.419693;0.045553;0.002396;0.002745;0.017341;0.023814;0.010672;0.001142;0.023354
0.000519;0.002482;0.268822;0.000434;0.001195;0.000755;0.290431;0.308632;0.006849;0.002048;0.086948;0.017190;0.003188;0.000743;0.009767
0.000745;0.001459;0.343747;0.000713;0.001477;0.001304;0.454727;0.119757;0.002625;0.001946;0.035994;0.008331;0.002855;0.001039;0.023282
0.002597;0.002166;0.200899;0.001337;0.003511;0.002875;0.146388;0.457376;0.008621;0.004446;0.112658;0.009626;0.007281;0.002555;0.037666
0.002987;0.001745;0.083519;0.000790;0.003516;0.004640;0.118758;0.501942;0.009731;0.005347;0.223145;0.011841;0.007413;0.002063;0.022562
0.002021;0.009520;0.449553;0.001523;0.002538;0.002414;0.057018;0.103571;0.022060;0.004011;0.282618;0.003715;0.005095;0.011614;0.042729
0.003076;0.011865;0.113033;0.001300;0.003795;0.003105;0.072614;0.060090;0.114622;0.004660;0.520565;0.038035;0.013829;0.010158;0.029252
0.002557;0.003311;0.222108;0.000845;0.003990;0.002376;0.235693;0.098467;0.011897;0.003632;0.311980;0.039241;0.014869;0.003065;0.045970
0.001031;0.002029;0.244706;0.000495;0.002760;0.001430;0.347370;0.144553;0.003061;0.002044;0.199852;0.021826;0.007666;0.001026;0.020152
0.000291;0.002151;0.164570;0.000482;0.000563;0.000554;0.023567;0.700472;0.009811;0.000984;0.074607;0.000506;0.000674;0.002858;0.017910
0.002290;0.002232;0.270965;0.001182;0.003112;0.002352;0.093038;0.331611;0.004336;0.002788;0.236884;0.004142;0.011245;0.002952;0.030871
0.000538;0.001809;0.561248;0.000674;0.001000;0.001011;0.122556;0.225264;0.005812;0.001601;0.038223;0.001709;0.001917;0.002836;0.033802
0.000460;0.001129;0.659091;0.000648;0.000943;0.000788;0.103002;0.146735;0.002947;0.001182;0.045634;0.001738;0.002699;0.001685;0.031322
0.000664;0.006759;0.408873;0.000701;0.000824;0.001019;0.081182;0.375486;0.015956;0.001949;0.073556;0.001638;0.001362;0.005612;0.024420
0.000979;0.020546;0.738555;0.001638;0.001158;0.000954;0.029899;0.103661;0.018312;0.002493;0.048705;0.001096;0.002715;0.013780;0.015508
0.001701;0.002239;0.347131;0.001084;0.006353;0.002237;0.415731;0.070499;0.002883;0.002695;0.060263;0.037399;0.018657;0.001619;0.029510
0.000615;0.002116;0.704927;0.000792;0.001257;0.000926;0.139570;0.072699;0.004850;0.001723;0.027501;0.002546;0.003203;0.003037;0.034237
0.000535;0.002183;0.678355;0.000645;0.001194;0.000709;0.154456;0.103345;0.002617;0.001413;0.024096;0.004201;0.002840;0.001086;0.022324
0.000377;0.002034;0.831430;0.000768;0.000609;0.000491;0.085193;0.038546;0.003610;0.001085;0.009327;0.000845;0.000916;0.001476;0.023293
0.000798;0.003029;0.705601;0.000860;0.001594;0.001037;0.124797;0.079428;0.004071;0.001814;0.027525;0.003008;0.003389;0.003479;0.039569
0.000672;0.002792;0.408561;0.000598;0.001429;0.000867;0.138372;0.321391;0.007086;0.001822;0.081779;0.009106;0.003631;0.001214;0.020681
0.000939;0.001300;0.452002;0.000844;0.001583;0.001396;0.227774;0.194347;0.002794;0.002099;0.076406;0.004529;0.004492;0.001297;0.028200
0.000232;0.003049;0.607951;0.000641;0.000390;0.000356;0.028904;0.298843;0.006809;0.000876;0.024286;0.000385;0.000818;0.004266;0.022192
0.000840;0.001475;0.501603;0.000683;0.002217;0.002692;0.294521;0.056500;0.005675;0.008485;0.040500;0.003245;0.006501;0.004435;0.070629
0.002195;0.007660;0.251952;0.001162;0.006834;0.005356;0.418734;0.025925;0.044370;0.047281;0.091705;0.046207;0.016185;0.005238;0.029197
0.010247;0.003856;0.038718;0.000735;0.005398;0.011487;0.031932;0.084475;0.111126;0.040410;0.583233;0.045089;0.015154;0.004005;0.014135
0.008092;0.002742;0.180423;0.000979;0.020116;0.019179;0.347135;0.026065;0.017585;0.102949;0.134455;0.048830;0.052753;0.005100;0.033597
0.009204;0.001647;0.161434;0.001217;0.012561;0.029638;0.227306;0.139900;0.013599;0.051253;0.247715;0.006610;0.032025;0.008076;0.057813
0.013338;0.002765;0.114634;0.000984;0.018876;0.018407;0.162789;0.079137;0.039182;0.220962;0.195005;0.025086;0.038200;0.009968;0.060666
0.011942;0.001130;0.112838;0.000860;0.043578;0.060125;0.199990;0.043614;0.007299;0.297752;0.049405;0.056418;0.058046;0.002734;0.054269
0.025447;0.004070;0.040094;0.000794;0.015547;0.007057;0.040100;0.071121;0.063124;0.006990;0.557068;0.076949;0.060669;0.007142;0.023828
0.006270;0.001577;0.181104;0.001033;0.007718;0.019573;0.097352;0.177047;0.020333;0.162236;0.186128;0.007690;0.027942;0.008485;0.095511
0.000679;0.001751;0.457667;0.000653;0.006662;0.001937;0.308228;0.036608;0.004119;0.023102;0.005676;0.025860;0.034487;0.005108;0.087461
0.000984;0.002587;0.563575;0.000978;0.001878;0.002715;0.175818;0.128055;0.009645;0.004064;0.034619;0.002271;0.003154;0.006535;0.063122
0.000999;0.001050;0.407944;0.000647;0.002083;0.002120;0.402308;0.069909;0.002888;0.004103;0.050724;0.006009;0.006449;0.001843;0.040922
0.000474;0.001524;0.587549;0.000586;0.000912;0.001173;0.257949;0.065432;0.006062;0.002081;0.048036;0.001497;0.002193;0.002196;0.022336
0.000248;0.003209;0.729202;0.000450;0.000406;0.000528;0.204530;0.027030;0.005654;0.001612;0.008409;0.000929;0.000995;0.002465;0.014332
0.000335;0.003469;0.649916;0.000502;0.000535;0.000803;0.277158;0.030739;0.007549;0.002136;0.008274;0.001091;0.001123;0.002697;0.013676
0.000747;0.001833;0.670669;0.000975;0.001234;0.001589;0.157369;0.085593;0.011774;0.006957;0.015859;0.001562;0.001793;0.004921;0.037126
0.000636;0.002165;0.776513;0.001103;0.001055;0.001488;0.067223;0.078124;0.015232;0.006573;0.012488;0.001009;0.001430;0.005064;0.029897
0.000494;0.001559;0.788933;0.000832;0.000747;0.000921;0.091708;0.046621;0.006278;0.005107;0.010177;0.000865;0.001367;0.005391;0.039003
0.001916;0.007498;0.395605;0.001526;0.002112;0.002406;0.113921;0.110613;0.068773;0.009064;0.248458;0.003539;0.003317;0.009004;0.022246
0.002000;0.001954;0.159869;0.001686;0.002887;0.004851;0.054653;0.561309;0.013139;0.008427;0.125642;0.002124;0.003494;0.007982;0.049984
0.001207;0.001539;0.273765;0.001067;0.002153;0.006384;0.077945;0.349048;0.022907;0.045992;0.131813;0.001316;0.004167;0.013264;0.067434
0.000323;0.003099;0.696507;0.000505;0.000471;0.000622;0.045168;0.174927;0.023848;0.002666;0.025735;0.000713;0.000732;0.004013;0.020672
0.000625;0.002352;0.567138;0.000632;0.000918;0.001676;0.268077;0.058681;0.010139;0.009590;0.023523;0.001632;0.001427;0.003413;0.050177
0.000240;0.001766;0.583017;0.000472;0.000322;0.000500;0.046658;0.307551;0.012743;0.001602;0.022188;0.000504;0.000544;0.003203;0.018689
0.002152;0.005053;0.355183;0.001201;0.015042;0.005240;0.291504;0.057530;0.045210;0.040313;0.054987;0.049421;0.034673;0.005025;0.037466
0.000720;0.008531;0.427454;0.000751;0.001244;0.001184;0.030379;0.315587;0.104126;0.011488;0.038922;0.002402;0.002535;0.009431;0.045246
