0.335912;0.015306;0.002334;0.001931;0.019946;0.007693;0.002271;0.004832;0.317771;0.017293;0.006561;0.185889;0.061347;0.017172;0.003742
0.291676;0.005579;0.003678;0.001466;0.020940;0.021445;0.003484;0.016349;0.203198;0.016002;0.077643;0.295884;0.032453;0.005266;0.004937
0.313484;0.002999;0.002954;0.001056;0.023844;0.037389;0.002450;0.005263;0.050472;0.009557;0.027641;0.418223;0.097256;0.004792;0.002619
0.142565;0.005403;0.004382;0.001162;0.013974;0.019329;0.003313;0.030080;0.375055;0.024353;0.052713;0.289688;0.029623;0.003882;0.004479
0.479084;0.009636;0.000565;0.001969;0.065232;0.003217;0.000617;0.000896;0.014427;0.005864;0.001154;0.260307;0.135994;0.019478;0.001561
0.856457;0.018138;0.000495;0.009301;0.010752;0.001377;0.000575;0.000551;0.002565;0.006125;0.000440;0.005484;0.015359;0.051656;0.020725
0.731520;0.001735;0.000923;0.000476;0.021833;0.013940;0.000584;0.003659;0.035983;0.026378;0.002332;0.117422;0.034248;0.005733;0.003234
0.677238;0.000517;0.000971;0.000282;0.022995;0.094455;0.000607;0.002944;0.003291;0.011750;0.004209;0.142381;0.036199;0.000948;0.001215
0.672572;0.000708;0.003584;0.000436;0.037473;0.127511;0.002989;0.006509;0.002531;0.023863;0.018197;0.056901;0.038550;0.002669;0.005507
0.527322;0.000769;0.003478;0.000467;0.048701;0.143291;0.003984;0.010987;0.002152;0.011270;0.027814;0.160431;0.055712;0.001134;0.002489
0.104333;0.001593;0.004552;0.000683;0.082694;0.028224;0.004475;0.012674;0.004787;0.003355;0.024297;0.574702;0.150472;0.000692;0.002468
0.299227;0.001731;0.002745;0.000728;0.129967;0.027287;0.003603;0.011121;0.002501;0.004244;0.031807;0.358914;0.121694;0.001015;0.003416
0.357918;0.003872;0.009145;0.003584;0.096252;0.022801;0.015567;0.030036;0.004594;0.004122;0.108075;0.111453;0.218694;0.004556;0.009329
0.418281;0.015311;0.015010;0.005324;0.074254;0.009029;0.009786;0.091963;0.013792;0.006360;0.170693;0.042073;0.064450;0.014312;0.049362
0.031771;0.026971;0.033386;0.007290;0.015311;0.003910;0.009294;0.421902;0.021553;0.005946;0.213413;0.007222;0.021304;0.100970;0.079755
0.075818;0.010684;0.047081;0.006052;0.027913;0.007011;0.018732;0.111239;0.009723;0.010125;0.479449;0.012065;0.062462;0.034089;0.087555
0.285249;0.007314;0.014694;0.003270;0.052930;0.011706;0.019538;0.052428;0.016309;0.008264;0.201175;0.167928;0.138088;0.007436;0.013672
0.392531;0.010562;0.008155;0.002974;0.042800;0.004844;0.007489;0.106268;0.008362;0.003099;0.269420;0.062209;0.058432;0.004635;0.018220
0.147697;0.019040;0.009820;0.003724;0.034505;0.003927;0.009394;0.028046;0.011478;0.002705;0.098158;0.477747;0.136748;0.008301;0.008710
0.358121;0.041504;0.005970;0.003377;0.035988;0.003626;0.004841;0.045568;0.067345;0.003087;0.086968;0.216703;0.091362;0.026351;0.009188
0.591687;0.009443;0.004913;0.002181;0.025528;0.005110;0.005515;0.037088;0.009612;0.002745;0.099966;0.110581;0.080875;0.007972;0.006784
0.480805;0.007855;0.007352;0.002515;0.036400;0.005369;0.005413;0.084941;0.006209;0.002531;0.256164;0.027466;0.053452;0.006260;0.017269
0.264689;0.012124;0.016279;0.004133;0.049513;0.010375;0.011107;0.087860;0.019457;0.005077;0.320265;0.093796;0.091593;0.006073;0.007660
0.487313;0.004489;0.002285;0.001774;0.061643;0.006963;0.002405;0.016360;0.004124;0.001360;0.044834;0.207629;0.151810;0.003292;0.003718
0.086714;0.000443;0.002890;0.000532;0.184241;0.683333;0.002922;0.002513;0.000538;0.007296;0.001221;0.001755;0.022240;0.000557;0.002806
0.048195;0.000284;0.008797;0.000315;0.054193;0.821795;0.006485;0.004249;0.000410;0.030783;0.001635;0.001573;0.016147;0.000389;0.004750
0.240161;0.000296;0.007619;0.000295;0.051653;0.595163;0.005128;0.008427;0.000763;0.025336;0.005791;0.006537;0.049862;0.000505;0.002464
0.182912;0.000110;0.000546;0.000131;0.032893;0.764375;0.000469;0.001465;0.000150;0.005750;0.000408;0.001782;0.008356;0.000113;0.000542
0.557328;0.000064;0.000287;0.000049;0.003833;0.423915;0.000231;0.001735;0.000171;0.005762;0.000817;0.001105;0.003620;0.000195;0.000889
0.144283;0.000100;0.001746;0.000112;0.023857;0.795804;0.001409;0.001254;0.000154;0.007836;0.000699;0.004449;0.017333;0.000151;0.000811
0.496145;0.000536;0.002407;0.000363;0.021930;0.352120;0.001504;0.008226;0.004083;0.040872;0.005362;0.035545;0.028471;0.000862;0.001574
0.474933;0.000126;0.001733;0.000106;0.014115;0.460993;0.001286;0.001915;0.000352;0.011970;0.002367;0.011655;0.016733;0.000252;0.001464
0.728053;0.000330;0.001259;0.000188;0.017678;0.137972;0.000722;0.003331;0.001351;0.053198;0.002910;0.033644;0.017540;0.000487;0.001336
0.620607;0.001419;0.002239;0.000636;0.011115;0.074648;0.001271;0.005954;0.066991;0.089622;0.008328;0.094226;0.018872;0.002099;0.001972
0.357051;0.000088;0.000876;0.000070;0.007658;0.602484;0.000599;0.002368;0.000303;0.008085;0.001276;0.008360;0.010206;0.000105;0.000471
0.057822;0.000055;0.001539;0.000074;0.025901;0.892233;0.001447;0.000722;0.000068;0.008566;0.000296;0.001220;0.009243;0.000060;0.000752
0.038734;0.000053;0.002166;0.000076;0.022381;0.906801;0.004231;0.001014;0.000077;0.006884;0.000362;0.001621;0.015047;0.000057;0.000495
0.435388;0.000126;0.000431;0.000122;0.014512;0.517372;0.000323;0.002078;0.000271;0.017720;0.000792;0.001313;0.008107;0.000320;0.001123
0.170230;0.000243;0.004014;0.000282;0.061896;0.704241;0.005130;0.005540;0.000399;0.007521;0.002304;0.002861;0.032198;0.000479;0.002663
0.089340;0.000190;0.002520;0.000223;0.048191;0.828999;0.002682;0.002245;0.000252;0.008831;0.000796;0.001467;0.012438;0.000258;0.001568
0.078575;0.000248;0.002996;0.000315;0.097282;0.753443;0.003760;0.001581;0.000308;0.004407;0.000899;0.004908;0.049630;0.000282;0.001366
0.079296;0.000060;0.001534;0.000083;0.019243;0.880318;0.001862;0.001100;0.000083;0.004564;0.000377;0.000912;0.009856;0.000070;0.000641
0.057010;0.000045;0.000825;0.000074;0.017210;0.908137;0.000961;0.000839;0.000067;0.003146;0.000339;0.001921;0.008981;0.000043;0.000401
0.437758;0.001294;0.001533;0.000629;0.019944;0.026977;0.001058;0.002709;0.029678;0.035671;0.002607;0.385029;0.049718;0.002291;0.003104
0.492389;0.000403;0.001196;0.000338;0.030208;0.253531;0.001083;0.002400;0.001338;0.026865;0.002046;0.142146;0.044259;0.000490;0.001307
0.369989;0.000802;0.001496;0.000763;0.073259;0.191415;0.001798;0.001717;0.001951;0.028721;0.001814;0.228973;0.093971;0.001056;0.002273
0.155959;0.000541;0.007999;0.000359;0.046283;0.639434;0.010164;0.009429;0.002180;0.048053;0.010073;0.035874;0.029743;0.000611;0.003298
0.622134;0.001040;0.001253;0.000514;0.030587;0.059756;0.000964;0.003261;0.013420;0.036171;0.002925;0.183567;0.039891;0.001569;0.002949
0.964927;0.000272;0.000088;0.000057;0.000896;0.007803;0.000072;0.001853;0.007098;0.006590;0.000642;0.007872;0.001137;0.000382;0.000311
0.833551;0.000356;0.000522;0.000164;0.005359;0.060124;0.000445;0.003673;0.008042;0.012021;0.005964;0.055636;0.012978;0.000641;0.000523
0.813116;0.001001;0.001178;0.000445;0.017351;0.027728;0.000713;0.002163;0.008863;0.031894;0.001367;0.063012;0.023300;0.003524;0.004346
0.647640;0.001398;0.001609;0.000567;0.003657;0.024527;0.000945;0.005072;0.112770;0.161390;0.005571;0.022922;0.004754;0.003998;0.003180
0.843130;0.001281;0.000521;0.000320;0.008264;0.012196;0.000480;0.002902;0.028806;0.028266;0.002385;0.054021;0.013418;0.002552;0.001459
0.764117;0.001982;0.000824;0.000611;0.014037;0.010315;0.000667;0.001635;0.036872;0.073658;0.001587;0.058786;0.022323;0.009995;0.002593
0.000344;0.264272;0.000030;0.712955;0.000042;0.000067;0.000036;0.000711;0.006416;0.000073;0.000025;0.000030;0.000042;0.014380;0.000576
0.000565;0.517226;0.000086;0.449010;0.000114;0.000113;0.000095;0.000466;0.008556;0.000127;0.000078;0.000093;0.000150;0.022404;0.000917
0.002322;0.072714;0.000123;0.875587;0.000188;0.000239;0.000189;0.000529;0.004104;0.000195;0.000128;0.000153;0.000221;0.028487;0.014821
0.000361;0.474798;0.000034;0.496149;0.000053;0.000059;0.000050;0.000307;0.002498;0.000062;0.000029;0.000038;0.000074;0.024595;0.000894
0.003494;0.274992;0.001386;0.538858;0.002330;0.001353;0.002031;0.004245;0.005235;0.002300;0.001283;0.001548;0.003224;0.113172;0.044548
0.003748;0.144238;0.000119;0.735380;0.000345;0.000464;0.000242;0.000695;0.001744;0.000237;0.000115;0.000200;0.000686;0.077262;0.034525
0.001820;0.411899;0.000153;0.425221;0.000421;0.000248;0.000250;0.001807;0.005264;0.000350;0.000142;0.000302;0.000896;0.102337;0.048889
0.006181;0.372906;0.001872;0.251908;0.003091;0.001873;0.002319;0.005396;0.009916;0.002779;0.001658;0.002383;0.006327;0.290458;0.040934
0.003162;0.389251;0.001613;0.343340;0.001931;0.001496;0.001815;0.004090;0.008386;0.002215;0.001434;0.001551;0.002658;0.209121;0.027938
0.000818;0.421570;0.000117;0.497764;0.000206;0.000180;0.000171;0.001426;0.005862;0.000212;0.000108;0.000147;0.000312;0.048285;0.022821
0.002988;0.237021;0.000278;0.652185;0.000464;0.000397;0.000355;0.001060;0.006041;0.000504;0.000259;0.000360;0.000627;0.048282;0.049178
0.000886;0.420264;0.000142;0.505564;0.000252;0.000167;0.000221;0.000760;0.003808;0.000220;0.000137;0.000184;0.000362;0.059289;0.007745
0.000149;0.932759;0.000124;0.004670;0.000310;0.000010;0.000116;0.000538;0.005385;0.000063;0.000102;0.000289;0.002142;0.052575;0.000769
0.000595;0.839617;0.002323;0.001706;0.000600;0.000149;0.000621;0.009322;0.082536;0.000222;0.008706;0.005383;0.002788;0.043787;0.001646
0.000076;0.968632;0.000132;0.003369;0.000138;0.000026;0.000089;0.006291;0.007000;0.000067;0.000071;0.000088;0.000408;0.007372;0.006241
0.000993;0.473537;0.001128;0.007564;0.001741;0.000298;0.000871;0.002583;0.026562;0.001255;0.000693;0.001740;0.006250;0.398663;0.076121
0.007219;0.737057;0.000495;0.005031;0.002675;0.000243;0.000353;0.004660;0.035405;0.001128;0.000632;0.002715;0.009939;0.183359;0.009086
0.000064;0.890144;0.000042;0.049185;0.000176;0.000013;0.000120;0.000555;0.002237;0.000049;0.000038;0.000056;0.000464;0.051810;0.005047
0.000955;0.906503;0.000229;0.005159;0.000778;0.000078;0.000191;0.009578;0.039444;0.000171;0.000332;0.001881;0.004671;0.023516;0.006516
0.003435;0.328661;0.002462;0.003428;0.004963;0.000519;0.001738;0.014873;0.108533;0.003001;0.002654;0.005836;0.017769;0.468255;0.033874
0.035092;0.177202;0.004408;0.003598;0.019451;0.001364;0.002584;0.012894;0.302876;0.008825;0.012236;0.069488;0.052378;0.278037;0.019567
0.015807;0.691554;0.000382;0.013521;0.001334;0.000293;0.000391;0.002451;0.033211;0.001435;0.000526;0.001059;0.004105;0.222016;0.011916
0.010124;0.245151;0.000990;0.002643;0.003769;0.000501;0.000541;0.002396;0.112939;0.007982;0.001278;0.003371;0.011743;0.581635;0.014938
0.038468;0.336908;0.000391;0.013991;0.002340;0.000400;0.000433;0.001612;0.051023;0.002099;0.000441;0.001437;0.011208;0.519165;0.020084
0.001740;0.715066;0.000241;0.013182;0.000660;0.000095;0.000281;0.000978;0.015323;0.000590;0.000195;0.000509;0.003878;0.239817;0.007445
0.000437;0.515860;0.000341;0.002255;0.000422;0.000060;0.000139;0.001579;0.029288;0.000652;0.000358;0.000238;0.002006;0.440283;0.006083
0.000639;0.785886;0.000263;0.006648;0.000673;0.000036;0.000193;0.002703;0.020211;0.000199;0.000277;0.000787;0.004990;0.173461;0.003036
0.007472;0.155316;0.056463;0.005062;0.010659;0.003588;0.015584;0.215654;0.190541;0.004439;0.220255;0.056773;0.019975;0.016943;0.021276
0.005047;0.571502;0.006281;0.004390;0.008763;0.000638;0.003791;0.014975;0.162162;0.000941;0.005063;0.087076;0.049483;0.071925;0.007964
0.003503;0.712422;0.012397;0.003031;0.004924;0.000582;0.004203;0.034779;0.075395;0.000706;0.015791;0.075189;0.023259;0.029700;0.004120
0.000631;0.808267;0.000119;0.059960;0.000438;0.000073;0.000237;0.000424;0.005122;0.000195;0.000128;0.000266;0.001081;0.119615;0.003445
0.000725;0.877705;0.000269;0.060754;0.000829;0.000176;0.000416;0.000661;0.004011;0.000447;0.000335;0.000449;0.001418;0.048484;0.003322
0.000350;0.771703;0.000124;0.193338;0.000238;0.000121;0.000149;0.000513;0.006326;0.000167;0.000127;0.000165;0.000348;0.024582;0.001749
0.000903;0.840670;0.000192;0.045804;0.000445;0.000178;0.000265;0.001792;0.009383;0.000309;0.000203;0.000286;0.000981;0.085234;0.013355
0.000650;0.837988;0.000090;0.061285;0.000342;0.000073;0.000222;0.000575;0.006199;0.000194;0.000131;0.000169;0.000742;0.083594;0.007745
0.000499;0.654850;0.000056;0.287304;0.000095;0.000093;0.000066;0.005276;0.033342;0.000124;0.000052;0.000067;0.000095;0.008604;0.009476
0.001955;0.837256;0.000308;0.078407;0.000643;0.000316;0.000409;0.001687;0.008560;0.000507;0.000318;0.000439;0.001200;0.045484;0.022511
0.002266;0.781552;0.000206;0.046364;0.000648;0.000158;0.000381;0.000792;0.009934;0.000589;0.000305;0.000458;0.001228;0.145039;0.010081
0.000410;0.808647;0.000174;0.006498;0.000227;0.000070;0.000162;0.001654;0.009299;0.000501;0.000104;0.000154;0.000481;0.155216;0.016403
0.000557;0.944525;0.000081;0.017648;0.000237;0.000058;0.000131;0.000468;0.005999;0.000159;0.000097;0.000145;0.000504;0.024966;0.004426
0.001413;0.234312;0.015796;0.001479;0.001208;0.000780;0.003810;0.046395;0.563903;0.000988;0.084051;0.025164;0.003178;0.014219;0.003305
0.000381;0.679145;0.003823;0.000920;0.000467;0.000185;0.000825;0.006182;0.263613;0.000316;0.008060;0.014278;0.002277;0.018142;0.001387
0.000120;0.880529;0.000025;0.070480;0.000191;0.000023;0.000085;0.001142;0.004883;0.000029;0.000022;0.000152;0.000753;0.037718;0.003848
0.000718;0.857851;0.000056;0.070382;0.000265;0.000045;0.000115;0.000329;0.004951;0.000073;0.000051;0.000211;0.001296;0.062226;0.001431
0.005552;0.003966;0.000013;0.981488;0.000067;0.000049;0.000018;0.000053;0.001626;0.000062;0.000012;0.000057;0.000031;0.005934;0.001073
0.001417;0.004921;0.000006;0.986727;0.000016;0.000015;0.000008;0.000019;0.001092;0.000012;0.000006;0.000011;0.000010;0.005533;0.000207
0.001106;0.040721;0.000060;0.934930;0.000147;0.000089;0.000070;0.000140;0.003033;0.000075;0.000060;0.000188;0.000133;0.018885;0.000366
0.003652;0.348548;0.000487;0.566025;0.000912;0.000520;0.000568;0.001275;0.009479;0.000748;0.000462;0.000617;0.001119;0.052760;0.012828
0.000018;0.993966;0.000011;0.000534;0.000015;0.000003;0.000010;0.000164;0.003422;0.000027;0.000009;0.000022;0.000052;0.001687;0.000060
0.000140;0.982830;0.000035;0.001475;0.000053;0.000021;0.000033;0.000281;0.009653;0.000100;0.000028;0.000077;0.000141;0.004815;0.000319
0.000162;0.952998;0.000087;0.002382;0.000124;0.000026;0.000069;0.000806;0.009977;0.000152;0.000062;0.000149;0.000474;0.031420;0.001112
0.000088;0.983967;0.000018;0.002761;0.000041;0.000007;0.000023;0.000289;0.004786;0.000020;0.000011;0.000042;0.000202;0.007351;0.000395
0.000598;0.961335;0.000069;0.013629;0.000224;0.000047;0.000111;0.000424;0.007359;0.000149;0.000089;0.000170;0.000491;0.012606;0.002697
0.004579;0.862068;0.000364;0.022537;0.000997;0.000306;0.000457;0.002997;0.026623;0.001083;0.000510;0.000747;0.001719;0.063975;0.011039
0.001280;0.961948;0.000032;0.017293;0.000088;0.000046;0.000052;0.000451;0.009832;0.000080;0.000036;0.000073;0.000242;0.007083;0.001466
0.001492;0.964191;0.000067;0.006514;0.000178;0.000072;0.000090;0.000671;0.017908;0.000214;0.000096;0.000162;0.000328;0.007081;0.000937
0.000077;0.986877;0.000009;0.001468;0.000026;0.000005;0.000013;0.000038;0.002455;0.000031;0.000007;0.000031;0.000136;0.008746;0.000083
0.000847;0.975743;0.000017;0.010079;0.000065;0.000024;0.000033;0.000165;0.006786;0.000045;0.000022;0.000052;0.000180;0.005066;0.000875
0.000993;0.955294;0.000031;0.012073;0.000138;0.000029;0.000064;0.000186;0.006025;0.000090;0.000046;0.000128;0.000403;0.023829;0.000671
0.000241;0.980335;0.000013;0.006578;0.000038;0.000013;0.000025;0.000334;0.005482;0.000038;0.000019;0.000032;0.000112;0.006134;0.000607
0.000060;0.913778;0.009359;0.000291;0.000109;0.000054;0.001177;0.012638;0.052355;0.000174;0.001052;0.001137;0.000295;0.006345;0.001176
0.000032;0.970129;0.000071;0.000600;0.000070;0.000021;0.000159;0.001626;0.007547;0.000070;0.000022;0.000199;0.000695;0.017470;0.001289
0.000017;0.990758;0.000011;0.001847;0.000013;0.000004;0.000010;0.000355;0.003060;0.000005;0.000003;0.000010;0.000089;0.003532;0.000287
0.000154;0.988303;0.000010;0.003296;0.000037;0.000009;0.000019;0.000220;0.004831;0.000024;0.000013;0.000029;0.000120;0.002463;0.000473
0.000645;0.951320;0.000021;0.028192;0.000053;0.000029;0.000036;0.000506;0.008150;0.000037;0.000023;0.000038;0.000166;0.008664;0.002120
0.000044;0.992682;0.000006;0.001181;0.000016;0.000003;0.000010;0.000061;0.001751;0.000020;0.000004;0.000015;0.000075;0.004059;0.000074
0.000675;0.921107;0.000084;0.003663;0.000194;0.000029;0.000093;0.000345;0.009407;0.000196;0.000062;0.000337;0.001326;0.061641;0.000840
0.000494;0.943997;0.000064;0.004993;0.000157;0.000036;0.000077;0.000326;0.012020;0.000161;0.000077;0.000217;0.000420;0.036496;0.000465
0.001434;0.838023;0.000185;0.008967;0.000439;0.000112;0.000196;0.000604;0.019626;0.000682;0.000169;0.000393;0.001038;0.121901;0.006231
0.000483;0.856034;0.000107;0.007652;0.000239;0.000075;0.000185;0.000711;0.015063;0.000255;0.000055;0.000262;0.001271;0.113043;0.004564
0.000299;0.969100;0.000070;0.002068;0.000119;0.000036;0.000065;0.001336;0.010575;0.000284;0.000051;0.000125;0.000375;0.013844;0.001653
0.000232;0.916572;0.000260;0.000862;0.000156;0.000095;0.000131;0.002079;0.023762;0.001749;0.000226;0.000185;0.000357;0.051327;0.002006
0.000362;0.961270;0.000101;0.001936;0.000192;0.000068;0.000110;0.000338;0.019564;0.000385;0.000079;0.000301;0.000478;0.013647;0.001169
0.000042;0.989125;0.000020;0.001127;0.000030;0.000007;0.000021;0.000239;0.004800;0.000056;0.000016;0.000032;0.000065;0.004128;0.000291
0.000044;0.982150;0.000027;0.001445;0.000031;0.000011;0.000027;0.000858;0.005994;0.000063;0.000014;0.000029;0.000096;0.008583;0.000628
0.000076;0.920270;0.000076;0.001034;0.000085;0.000017;0.000114;0.000811;0.008814;0.000093;0.000037;0.000234;0.001054;0.066741;0.000545
0.001448;0.439394;0.074412;0.002163;0.001346;0.001075;0.014283;0.078566;0.219450;0.001939;0.064374;0.006473;0.003452;0.083386;0.008238
0.000462;0.690620;0.006833;0.001244;0.000644;0.000233;0.002072;0.015012;0.152338;0.000604;0.005946;0.003436;0.004493;0.113534;0.002529
0.042322;0.330449;0.000250;0.009594;0.001339;0.000214;0.000283;0.000143;0.021047;0.000595;0.000218;0.004966;0.013627;0.574176;0.000777
0.006309;0.201921;0.000230;0.053665;0.001054;0.000201;0.000376;0.000319;0.007695;0.000357;0.000196;0.001156;0.004640;0.719425;0.002456
0.008331;0.051388;0.000202;0.007159;0.000523;0.000124;0.000230;0.000177;0.010047;0.000674;0.000230;0.000779;0.004296;0.914030;0.001812
0.009445;0.160315;0.000247;0.006533;0.001255;0.000149;0.000258;0.000404;0.032017;0.000848;0.000290;0.002445;0.015208;0.766720;0.003864
0.005637;0.843535;0.000191;0.013266;0.000624;0.000140;0.000222;0.000491;0.021747;0.000465;0.000220;0.000726;0.001594;0.109837;0.001306
0.000343;0.888414;0.000021;0.038335;0.000104;0.000019;0.000060;0.000358;0.004592;0.000029;0.000021;0.000081;0.000651;0.065272;0.001699
0.000025;0.980968;0.000005;0.009575;0.000019;0.000002;0.000009;0.000027;0.000824;0.000003;0.000003;0.000032;0.000274;0.008209;0.000024
0.000030;0.961456;0.000006;0.026220;0.000024;0.000004;0.000014;0.000100;0.001821;0.000005;0.000004;0.000064;0.000237;0.009849;0.000166
0.000006;0.989134;0.000002;0.008250;0.000006;0.000001;0.000004;0.000009;0.000553;0.000002;0.000002;0.000007;0.000035;0.001980;0.000010
0.001196;0.751125;0.000078;0.063503;0.000587;0.000049;0.000185;0.000204;0.003433;0.000077;0.000052;0.000478;0.003719;0.174009;0.001304
0.004678;0.259997;0.000364;0.003918;0.001774;0.000222;0.000394;0.000166;0.037148;0.000556;0.000397;0.010564;0.027269;0.651641;0.000913
0.035068;0.240011;0.000295;0.012463;0.001501;0.000244;0.000351;0.000441;0.029758;0.001136;0.000334;0.001699;0.006585;0.665019;0.005095
0.004172;0.184042;0.000204;0.008491;0.000949;0.000070;0.000242;0.000153;0.006479;0.000310;0.000169;0.002112;0.008169;0.783057;0.001381
0.001024;0.620064;0.000108;0.009691;0.000276;0.000030;0.000122;0.000135;0.007804;0.000205;0.000097;0.000400;0.001103;0.358452;0.000491
0.005479;0.526897;0.000208;0.032202;0.001102;0.000132;0.000344;0.000511;0.009675;0.000450;0.000198;0.001000;0.003024;0.413339;0.005440
0.008916;0.141160;0.000928;0.088901;0.003930;0.000720;0.001240;0.001729;0.005898;0.001262;0.000754;0.002786;0.011817;0.714358;0.015600
0.001653;0.902483;0.000145;0.017496;0.000383;0.000102;0.000196;0.000404;0.010987;0.000346;0.000195;0.000411;0.000722;0.061748;0.002730
0.002818;0.863386;0.000116;0.025258;0.000377;0.000118;0.000188;0.000478;0.013640;0.000266;0.000133;0.000397;0.001007;0.089255;0.002561
0.009861;0.001052;0.077095;0.000926;0.125809;0.114332;0.110883;0.012208;0.003909;0.355904;0.008261;0.047659;0.115609;0.001643;0.014851
0.001723;0.002238;0.301763;0.001351;0.012837;0.011296;0.360217;0.066708;0.018876;0.076372;0.066385;0.007561;0.020541;0.004801;0.047331
0.014946;0.001859;0.124748;0.001447;0.107171;0.061252;0.176115;0.009541;0.004477;0.137239;0.026984;0.103953;0.188074;0.003173;0.039023
0.006998;0.003858;0.114506;0.002343;0.063464;0.025110;0.171888;0.013713;0.012293;0.202345;0.022876;0.140626;0.187650;0.004261;0.028068
0.021092;0.002854;0.066854;0.001181;0.056961;0.067032;0.088627;0.042165;0.025922;0.357505;0.121154;0.046627;0.080379;0.004402;0.017246
0.018316;0.001167;0.093586;0.000961;0.081573;0.085942;0.202179;0.019839;0.004005;0.296822;0.026020;0.037326;0.101817;0.002530;0.027916
0.000354;0.000359;0.538280;0.000657;0.000918;0.002381;0.327814;0.065070;0.000888;0.005742;0.016859;0.000532;0.001455;0.000830;0.037861
0.000335;0.000841;0.741668;0.000837;0.000776;0.001087;0.112199;0.046350;0.003980;0.002524;0.040104;0.000638;0.001521;0.005774;0.041366
0.000890;0.001158;0.372178;0.000855;0.001914;0.004555;0.092815;0.399659;0.003998;0.008318;0.029787;0.000991;0.002281;0.010027;0.070575
0.000728;0.001407;0.563854;0.001131;0.001747;0.001894;0.156638;0.150820;0.003624;0.002663;0.030031;0.001267;0.002495;0.005789;0.075912
0.000431;0.000915;0.674722;0.000811;0.000856;0.000935;0.089640;0.104174;0.002684;0.001760;0.088711;0.000613;0.001333;0.002900;0.029515
0.000241;0.000858;0.694059;0.000568;0.000512;0.001082;0.062544;0.160948;0.002559;0.003541;0.017749;0.000301;0.000737;0.005875;0.048427
0.004577;0.001474;0.288570;0.001406;0.016727;0.023598;0.277669;0.186881;0.003356;0.068381;0.048865;0.004694;0.019945;0.002927;0.050932
0.000386;0.000807;0.717902;0.000918;0.001129;0.000991;0.163324;0.039838;0.001278;0.001803;0.031887;0.000711;0.002517;0.002670;0.033839
0.000730;0.000737;0.501033;0.000774;0.002214;0.004643;0.254208;0.112608;0.001931;0.009035;0.037224;0.001017;0.002977;0.001983;0.068885
0.000345;0.000488;0.674192;0.000754;0.000756;0.001048;0.194508;0.077026;0.000822;0.002064;0.015018;0.000468;0.001220;0.001627;0.029664
0.000479;0.000540;0.634612;0.000760;0.001216;0.002229;0.196161;0.084637;0.001102;0.002860;0.024479;0.000675;0.001622;0.001295;0.047334
0.000957;0.000789;0.429917;0.000848;0.003865;0.004735;0.332341;0.096172;0.001446;0.008282;0.053314;0.001283;0.005947;0.002143;0.057961
0.000766;0.007625;0.720410;0.001208;0.001321;0.001271;0.071965;0.061512;0.027845;0.004246;0.061025;0.001540;0.003946;0.014249;0.021070
0.000509;0.001184;0.573567;0.000777;0.001131;0.002207;0.041573;0.274969;0.003101;0.003856;0.035228;0.000509;0.001529;0.013793;0.046069
0.000208;0.001237;0.735230;0.000700;0.000414;0.000558;0.016420;0.179353;0.002250;0.000895;0.022688;0.000211;0.000737;0.008027;0.031071
0.000284;0.001615;0.896509;0.000781;0.000434;0.000731;0.014078;0.031777;0.003276;0.002097;0.010513;0.000280;0.001015;0.013534;0.023077
0.000246;0.000696;0.706918;0.000592;0.000758;0.001707;0.042320;0.171540;0.001825;0.003502;0.025205;0.000297;0.001046;0.006436;0.036912
0.000233;0.000704;0.866200;0.000648;0.000582;0.000677;0.062832;0.035704;0.001250;0.002307;0.006215;0.000269;0.000691;0.002144;0.019544
0.000239;0.000569;0.770279;0.000650;0.000592;0.000888;0.021480;0.135251;0.001381;0.001442;0.018923;0.000263;0.000630;0.004872;0.042539
0.000242;0.001740;0.619000;0.000557;0.000343;0.000515;0.019827;0.260276;0.008204;0.001553;0.042878;0.000309;0.000724;0.009464;0.034369
0.000117;0.000464;0.745000;0.000480;0.000257;0.000314;0.015543;0.197705;0.000816;0.000382;0.008357;0.000122;0.000262;0.002158;0.028023
0.000598;0.002093;0.318060;0.000982;0.000848;0.001182;0.015024;0.494895;0.008511;0.006821;0.009861;0.000535;0.002190;0.056214;0.082187
0.000389;0.001899;0.557884;0.000779;0.000519;0.000907;0.010628;0.280906;0.005888;0.002492;0.016570;0.000314;0.001366;0.050912;0.068547
0.000122;0.002844;0.605758;0.000497;0.000170;0.000220;0.004740;0.317911;0.005195;0.001354;0.008311;0.000104;0.000600;0.033311;0.018864
0.000328;0.000899;0.727788;0.000803;0.000456;0.000722;0.023671;0.143766;0.002751;0.001953;0.013070;0.000329;0.000963;0.012531;0.069970
0.000328;0.001241;0.804987;0.001029;0.000541;0.000865;0.020032;0.037513;0.001979;0.002579;0.005224;0.000302;0.001429;0.032759;0.089193
0.000206;0.001511;0.780162;0.000723;0.000309;0.000320;0.007585;0.148431;0.003139;0.001189;0.007753;0.000194;0.000564;0.016528;0.031385
0.000157;0.001647;0.850134;0.000715;0.000219;0.000226;0.005524;0.079225;0.002754;0.000940;0.005411;0.000150;0.000404;0.021758;0.030736
0.000317;0.001284;0.807738;0.000931;0.000555;0.000640;0.024802;0.075072;0.002754;0.001694;0.010633;0.000335;0.001002;0.011425;0.060817
0.000251;0.001716;0.879772;0.000870;0.000421;0.000571;0.021485;0.042574;0.003604;0.002104;0.004637;0.000265;0.000831;0.010915;0.029985
0.000230;0.001062;0.715929;0.000635;0.000338;0.000398;0.008125;0.193994;0.003287;0.001104;0.014736;0.000211;0.000678;0.021117;0.038155
0.000242;0.001010;0.489257;0.000482;0.000594;0.000752;0.030815;0.384386;0.002436;0.000994;0.048493;0.000295;0.000688;0.005754;0.033801
0.000375;0.001158;0.723945;0.000762;0.000588;0.001068;0.025081;0.132032;0.006230;0.003030;0.023785;0.000374;0.001319;0.021016;0.059237
0.000208;0.000589;0.739919;0.000591;0.000309;0.000360;0.014200;0.202459;0.001375;0.000662;0.005786;0.000197;0.000392;0.002564;0.030389
0.000096;0.000456;0.831130;0.000484;0.000147;0.000219;0.020281;0.119103;0.001859;0.000606;0.007184;0.000110;0.000226;0.001964;0.016135
0.000141;0.001183;0.491847;0.000396;0.000185;0.000241;0.006826;0.441648;0.003472;0.000752;0.013934;0.000121;0.000380;0.011029;0.027845
0.000236;0.000793;0.752431;0.000637;0.000506;0.000699;0.013990;0.172179;0.002419;0.001027;0.019582;0.000238;0.000553;0.004372;0.030338
0.001237;0.002629;0.458103;0.001172;0.002270;0.003534;0.026171;0.308190;0.007515;0.005216;0.064756;0.001121;0.002858;0.028707;0.086523
0.002997;0.022794;0.135533;0.005147;0.004026;0.003032;0.023121;0.121318;0.015108;0.007588;0.006071;0.002796;0.006105;0.240945;0.403417
0.000096;0.001152;0.925286;0.000824;0.000127;0.000126;0.004450;0.021470;0.001274;0.000487;0.002529;0.000087;0.000273;0.022206;0.019614
0.000193;0.001688;0.852959;0.000829;0.000305;0.000329;0.010412;0.042557;0.002096;0.001473;0.004369;0.000178;0.000735;0.028880;0.052997
0.000135;0.000816;0.648520;0.000482;0.000201;0.000260;0.006379;0.298387;0.002730;0.000666;0.010449;0.000128;0.000372;0.006208;0.024267
0.000750;0.003902;0.537915;0.001149;0.002071;0.001023;0.275853;0.053539;0.003720;0.002248;0.081689;0.010855;0.003601;0.001490;0.020195
0.000833;0.004280;0.306712;0.001354;0.001893;0.001156;0.455277;0.026688;0.008738;0.004554;0.139036;0.017049;0.004835;0.002514;0.025082
0.003051;0.002454;0.271338;0.001832;0.011720;0.002753;0.508171;0.018892;0.002033;0.004675;0.078786;0.046769;0.023170;0.001772;0.022587
0.004242;0.007587;0.185821;0.002526;0.006989;0.002745;0.337878;0.036917;0.010624;0.005467;0.303909;0.049139;0.028199;0.003618;0.014339
0.000868;0.004266;0.374754;0.001212;0.001824;0.001124;0.247558;0.095061;0.008682;0.002774;0.217336;0.009723;0.005006;0.002836;0.026975
0.002155;0.007897;0.186020;0.001796;0.002360;0.002539;0.070799;0.274186;0.031724;0.006392;0.387235;0.004538;0.004834;0.006452;0.011074
0.003437;0.025876;0.308011;0.002116;0.005830;0.002859;0.128700;0.146072;0.151862;0.021500;0.079204;0.043212;0.018294;0.016879;0.046148
0.007053;0.009799;0.116709;0.001910;0.012023;0.005066;0.246442;0.025110;0.052004;0.023083;0.245859;0.185194;0.046211;0.006660;0.016876
0.000832;0.012544;0.527261;0.001237;0.001428;0.001183;0.124400;0.090558;0.049637;0.003870;0.148374;0.004759;0.003025;0.007839;0.023051
0.000272;0.005097;0.686392;0.000826;0.000407;0.000480;0.217285;0.034837;0.010753;0.001613;0.022100;0.002330;0.000936;0.002919;0.013752
0.000749;0.010315;0.523709;0.001028;0.001189;0.001099;0.063152;0.148060;0.041234;0.002741;0.166008;0.003177;0.002178;0.007366;0.027994
0.002350;0.002179;0.345411;0.001051;0.005357;0.015167;0.411436;0.054834;0.008969;0.021887;0.073127;0.013798;0.006753;0.002884;0.034800
0.001539;0.012384;0.528640;0.001495;0.003945;0.002866;0.059485;0.110214;0.096524;0.019893;0.074679;0.005466;0.007520;0.025093;0.050255
0.001515;0.026925;0.484758;0.002151;0.003079;0.001957;0.053026;0.048557;0.135588;0.024410;0.039738;0.003664;0.008348;0.083473;0.082811
0.004395;0.050180;0.174589;0.002179;0.013394;0.003712;0.023069;0.190742;0.232091;0.025749;0.147995;0.008654;0.018777;0.045786;0.058688
0.001066;0.018083;0.661442;0.001574;0.001416;0.001126;0.029048;0.072852;0.082514;0.007569;0.057411;0.001727;0.003472;0.028439;0.032260
0.002080;0.004506;0.365091;0.001119;0.007804;0.008997;0.182384;0.112510;0.052237;0.067616;0.131723;0.010198;0.017792;0.007601;0.028342
0.000668;0.007412;0.541074;0.001099;0.001260;0.001200;0.097946;0.145555;0.048928;0.009972;0.057328;0.002397;0.002278;0.015316;0.067566
0.000936;0.005827;0.441594;0.001043;0.002543;0.002802;0.254852;0.076741;0.031026;0.012955;0.122129;0.008314;0.006440;0.006205;0.026594
0.001236;0.002813;0.326148;0.000908;0.006144;0.005730;0.161376;0.151004;0.029497;0.012308;0.255856;0.009582;0.013926;0.003195;0.020275
0.004431;0.003484;0.342290;0.001408;0.022115;0.019773;0.207969;0.118952;0.018397;0.049399;0.101872;0.010782;0.026166;0.006252;0.066711
0.003211;0.009843;0.285673;0.001765;0.007614;0.004504;0.105630;0.063176;0.077619;0.015822;0.329505;0.022979;0.021918;0.012978;0.037763
0.016161;0.005209;0.117688;0.001627;0.100201;0.027268;0.151055;0.036597;0.018471;0.033156;0.103266;0.214099;0.150898;0.003967;0.020338
0.000910;0.001747;0.410371;0.001366;0.004066;0.003090;0.349060;0.075832;0.009651;0.009607;0.041518;0.009264;0.007369;0.003125;0.073027
0.000347;0.002249;0.532360;0.000581;0.000578;0.000921;0.111610;0.254812;0.007050;0.003439;0.041051;0.000502;0.000740;0.004127;0.039634
0.000841;0.001162;0.376204;0.000863;0.001782;0.003246;0.145311;0.316082;0.004901;0.017862;0.083387;0.001119;0.002167;0.003243;0.041830
0.000346;0.000810;0.452625;0.000543;0.000950;0.002329;0.297161;0.153905;0.002010;0.006964;0.053690;0.000645;0.001269;0.001382;0.025371
0.000292;0.000689;0.644761;0.000551;0.000692;0.001397;0.111275;0.173428;0.001757;0.007134;0.028604;0.000377;0.000799;0.001358;0.026886
0.000127;0.000495;0.871609;0.000552;0.000219;0.000231;0.079009;0.023018;0.000769;0.000558;0.006839;0.000188;0.000310;0.000996;0.015080
0.000239;0.000900;0.721290;0.000611;0.000465;0.000523;0.054356;0.172916;0.002230;0.001216;0.014841;0.000327;0.000524;0.001653;0.027909
0.000821;0.017326;0.690384;0.001542;0.001412;0.001002;0.042566;0.043234;0.085553;0.004497;0.044268;0.002285;0.002574;0.022583;0.039952
0.001163;0.037412;0.362026;0.001631;0.002063;0.001213;0.043749;0.151196;0.177032;0.004690;0.138798;0.008372;0.005692;0.031855;0.033108
0.002841;0.077263;0.256697;0.004903;0.006643;0.002928;0.107606;0.053352;0.116047;0.018333;0.012863;0.021200;0.025077;0.081781;0.212466
0.001059;0.011314;0.359864;0.002162;0.005523;0.001987;0.316695;0.049509;0.051569;0.022933;0.018280;0.028951;0.016492;0.016385;0.097277
0.004635;0.020565;0.273936;0.003218;0.026384;0.004827;0.062666;0.075407;0.069744;0.042456;0.034463;0.019250;0.060108;0.074689;0.227653
0.004303;0.066000;0.086186;0.004016;0.016562;0.003331;0.035514;0.044294;0.116017;0.027235;0.015391;0.018779;0.059663;0.327365;0.175345
0.006525;0.035235;0.073491;0.004515;0.036241;0.005306;0.048337;0.093366;0.114953;0.104177;0.031073;0.024031;0.129358;0.134946;0.158445
0.003325;0.029607;0.214038;0.002848;0.010556;0.003303;0.042092;0.111208;0.145881;0.032382;0.047043;0.010649;0.027719;0.079978;0.239371
0.001806;0.025614;0.367522;0.002201;0.006526;0.002182;0.130664;0.058557;0.149901;0.012302;0.070283;0.031366;0.016895;0.031208;0.092974
0.003066;0.052439;0.161053;0.002568;0.011760;0.002483;0.028496;0.200247;0.287303;0.011315;0.064161;0.033889;0.026083;0.026279;0.088859
0.007061;0.068798;0.080352;0.005873;0.038948;0.004435;0.040758;0.054798;0.101395;0.038899;0.012296;0.046600;0.118626;0.130258;0.250903
0.003201;0.041063;0.358075;0.002541;0.009237;0.002840;0.064046;0.090932;0.124169;0.013657;0.087643;0.024622;0.023028;0.063386;0.091559
0.008641;0.043212;0.082955;0.004014;0.052928;0.004405;0.072577;0.065281;0.162176;0.031498;0.041866;0.137259;0.172320;0.056403;0.064465
0.002066;0.172266;0.017042;0.003141;0.005857;0.001474;0.009685;0.021386;0.075495;0.008518;0.002938;0.006369;0.014593;0.309679;0.349489
0.002594;0.021927;0.333981;0.001879;0.007912;0.002902;0.054387;0.148395;0.145308;0.019608;0.118894;0.011879;0.014521;0.030683;0.085131
0.002231;0.077668;0.246155;0.003099;0.004805;0.001871;0.039318;0.089725;0.184633;0.006167;0.038541;0.009818;0.010792;0.120358;0.164818
0.009000;0.053451;0.099422;0.005165;0.037659;0.004117;0.081648;0.058924;0.086596;0.027092;0.019962;0.127527;0.163241;0.084741;0.141455
0.030626;0.022034;0.012708;0.003118;0.149422;0.004813;0.010780;0.009439;0.085347;0.066988;0.009302;0.216156;0.231453;0.082745;0.065069
0.000175;0.000083;0.214345;0.000467;0.003222;0.005911;0.754505;0.004356;0.000100;0.001898;0.000973;0.000374;0.003003;0.000104;0.010483
0.000781;0.000117;0.170445;0.000552;0.016753;0.020330;0.751771;0.004320;0.000129;0.004844;0.000740;0.000502;0.020340;0.000151;0.008226
0.000511;0.000202;0.303138;0.000591;0.007582;0.014096;0.629040;0.013365;0.000234;0.003993;0.001304;0.000510;0.005539;0.000260;0.019636
0.000153;0.000068;0.269037;0.000399;0.003463;0.007627;0.699385;0.004305;0.000072;0.001677;0.000486;0.000154;0.002305;0.000087;0.010783
0.000295;0.000160;0.363068;0.000510;0.005091;0.008059;0.585885;0.009323;0.000189;0.004113;0.001217;0.000367;0.004461;0.000201;0.017061
0.000232;0.000082;0.370695;0.000416;0.008617;0.010991;0.585502;0.004271;0.000090;0.002945;0.000498;0.000196;0.004967;0.000101;0.010399
0.000162;0.000100;0.434367;0.000505;0.003627;0.004572;0.526751;0.006480;0.000106;0.003840;0.000583;0.000179;0.003387;0.000147;0.015195
0.000089;0.000050;0.322277;0.000408;0.004273;0.002864;0.653687;0.003173;0.000053;0.001287;0.000377;0.000163;0.004019;0.000055;0.007225
0.000323;0.000131;0.338114;0.000551;0.012521;0.011045;0.601032;0.006125;0.000156;0.004596;0.000967;0.000469;0.011883;0.000164;0.011921
0.005828;0.001418;0.062959;0.001700;0.257337;0.104986;0.445080;0.003816;0.001694;0.009981;0.002527;0.003652;0.091833;0.001679;0.005510
0.000127;0.000070;0.390045;0.000431;0.003266;0.003331;0.579530;0.006111;0.000076;0.001771;0.000660;0.000175;0.003128;0.000086;0.011195
0.000260;0.000106;0.407683;0.000507;0.006937;0.005692;0.544652;0.007850;0.000114;0.004279;0.000764;0.000285;0.006328;0.000144;0.014400
0.021722;0.091430;0.002943;0.015563;0.004472;0.002576;0.002033;0.020135;0.022275;0.003963;0.005386;0.002950;0.004027;0.514421;0.286103
0.002428;0.002244;0.000324;0.829291;0.000589;0.000990;0.000357;0.031405;0.001382;0.000453;0.000315;0.000339;0.000433;0.008264;0.121186
0.000559;0.000074;0.000006;0.987458;0.000011;0.000985;0.000009;0.003452;0.000188;0.000008;0.000018;0.000007;0.000024;0.000915;0.006286
0.000414;0.000071;0.000004;0.995574;0.000014;0.000593;0.000006;0.001223;0.000250;0.000006;0.000006;0.000009;0.000025;0.001508;0.000298
0.001575;0.041467;0.000170;0.927688;0.000290;0.000935;0.000252;0.011701;0.006381;0.000280;0.000175;0.000363;0.000303;0.003752;0.004668
0.001865;0.000038;0.000002;0.996000;0.000007;0.000384;0.000004;0.000101;0.000096;0.000003;0.000002;0.000003;0.000039;0.001258;0.000197
0.008344;0.003132;0.000008;0.964398;0.000017;0.000133;0.000030;0.000100;0.000883;0.000018;0.000006;0.000010;0.000066;0.016839;0.006015
0.015830;0.002872;0.000021;0.905703;0.000064;0.000540;0.000064;0.000181;0.000520;0.000040;0.000020;0.000032;0.000181;0.016880;0.057052
0.005565;0.002416;0.000017;0.971681;0.000053;0.000342;0.000033;0.000271;0.001257;0.000027;0.000015;0.000032;0.000085;0.008715;0.009492
0.006671;0.000457;0.000008;0.971119;0.000016;0.000546;0.000012;0.000243;0.000566;0.000011;0.000007;0.000021;0.000088;0.002872;0.017363
0.003986;0.000298;0.000012;0.931143;0.000035;0.000642;0.000022;0.000352;0.000355;0.000013;0.000008;0.000023;0.000043;0.006255;0.056812
0.004354;0.000105;0.000026;0.977982;0.000038;0.009345;0.000041;0.004537;0.000450;0.000036;0.000024;0.000031;0.000077;0.002532;0.000421
0.002864;0.000193;0.000081;0.970078;0.000117;0.016858;0.000130;0.004087;0.000481;0.000116;0.000075;0.000096;0.000120;0.004270;0.000436
0.009719;0.000434;0.000011;0.978659;0.000028;0.000638;0.000015;0.000115;0.000539;0.000016;0.000010;0.000019;0.000035;0.002780;0.006982
0.003607;0.000359;0.000009;0.991102;0.000024;0.000386;0.000013;0.000527;0.000569;0.000013;0.000009;0.000017;0.000050;0.002630;0.000684
0.003102;0.004084;0.000014;0.976363;0.000042;0.000119;0.000034;0.000113;0.000745;0.000023;0.000013;0.000026;0.000047;0.007284;0.007992
0.000442;0.009260;0.000016;0.975602;0.000040;0.000057;0.000042;0.000239;0.000632;0.000032;0.000015;0.000023;0.000080;0.007745;0.005775
0.005797;0.496801;0.001020;0.220174;0.002475;0.000924;0.001910;0.004144;0.004975;0.001210;0.000792;0.001776;0.013437;0.195682;0.048882
0.004992;0.000048;0.000006;0.989025;0.000012;0.003668;0.000009;0.000450;0.000132;0.000008;0.000005;0.000007;0.000041;0.001273;0.000326
0.004553;0.001087;0.000498;0.927568;0.000720;0.037477;0.000804;0.011435;0.001388;0.000714;0.000461;0.000587;0.000729;0.010506;0.001473
0.004347;0.000661;0.000300;0.931749;0.000432;0.038095;0.000484;0.012536;0.000820;0.000430;0.000277;0.000353;0.000435;0.008074;0.001007
0.007386;0.000051;0.000003;0.988994;0.000007;0.001202;0.000004;0.000043;0.000069;0.000004;0.000002;0.000004;0.000005;0.000985;0.001241
0.012148;0.006740;0.002702;0.755820;0.003912;0.041553;0.004402;0.116342;0.012878;0.003908;0.002511;0.003411;0.003915;0.022687;0.007072
0.003866;0.899871;0.000081;0.063607;0.000632;0.000087;0.000136;0.000882;0.009282;0.000126;0.000078;0.000458;0.002635;0.014731;0.003527
0.012281;0.023402;0.000612;0.078065;0.002303;0.000884;0.001234;0.002237;0.005930;0.002452;0.001203;0.001088;0.002598;0.240505;0.625205
0.003217;0.014421;0.000087;0.359117;0.000413;0.000233;0.000260;0.001529;0.005256;0.000237;0.000123;0.000134;0.000347;0.035573;0.579053
0.001880;0.008508;0.000329;0.908353;0.000489;0.001766;0.000542;0.054667;0.010667;0.000477;0.000345;0.000576;0.000622;0.004967;0.005812
0.006796;0.000212;0.000019;0.984560;0.000061;0.002944;0.000028;0.001866;0.001431;0.000026;0.000017;0.000024;0.000047;0.001722;0.000247
0.004952;0.000237;0.000018;0.983710;0.000036;0.002136;0.000024;0.003649;0.002352;0.000025;0.000016;0.000035;0.000064;0.001369;0.001376
0.004076;0.000571;0.000007;0.977706;0.000023;0.000165;0.000010;0.000323;0.001246;0.000014;0.000006;0.000010;0.000009;0.001693;0.014140
0.000676;0.000447;0.000090;0.952534;0.000108;0.001656;0.000127;0.018224;0.001218;0.000121;0.000083;0.000080;0.000109;0.003573;0.020953
0.006891;0.000118;0.000045;0.971195;0.000066;0.007361;0.000074;0.008249;0.001493;0.000065;0.000043;0.000059;0.000158;0.003426;0.000756
0.000435;0.000109;0.000010;0.986986;0.000015;0.000540;0.000020;0.002440;0.000927;0.000014;0.000016;0.000009;0.000013;0.002300;0.006166
0.002002;0.000679;0.000299;0.949519;0.000428;0.020936;0.000479;0.012582;0.001620;0.000428;0.000286;0.000319;0.000650;0.008666;0.001107
0.000791;0.000374;0.000007;0.915775;0.000015;0.000255;0.000029;0.000740;0.000570;0.000020;0.000013;0.000012;0.000009;0.006238;0.075151
0.000569;0.000088;0.000012;0.993901;0.000020;0.000280;0.000031;0.001581;0.001053;0.000018;0.000015;0.000013;0.000022;0.002233;0.000164
0.000205;0.281712;0.000074;0.683331;0.000099;0.000111;0.000177;0.001111;0.003178;0.000114;0.000061;0.000150;0.000130;0.023316;0.006232
0.000921;0.001074;0.000010;0.992590;0.000032;0.000147;0.000015;0.000319;0.000550;0.000014;0.000009;0.000021;0.000032;0.002980;0.001286
