0.059727;0.006512;0.000222;0.858894;0.000427;0.001328;0.000271;0.000717;0.002793;0.002198;0.000204;0.000364;0.000531;0.005391;0.060420
0.038624;0.001571;0.000199;0.885762;0.000292;0.002528;0.000237;0.004562;0.017637;0.003209;0.000174;0.000459;0.000321;0.000761;0.043662
0.356922;0.133966;0.001639;0.064747;0.008876;0.002571;0.002524;0.002243;0.011392;0.004774;0.001741;0.009117;0.034029;0.341858;0.023600
0.181219;0.053529;0.001475;0.033884;0.010058;0.002249;0.001993;0.001653;0.006673;0.011289;0.001454;0.010125;0.064492;0.558503;0.061405
0.124738;0.040908;0.002184;0.023789;0.019710;0.003004;0.002514;0.001669;0.005464;0.019217;0.001798;0.020860;0.161432;0.496238;0.076474
0.092193;0.133173;0.001171;0.593909;0.002222;0.001998;0.001430;0.002004;0.008137;0.004336;0.001137;0.002179;0.004920;0.083682;0.067509
0.043170;0.000578;0.000275;0.001312;0.264393;0.008797;0.000346;0.000144;0.000348;0.005976;0.000147;0.132193;0.539725;0.001127;0.001467
0.101564;0.001026;0.000487;0.001743;0.177029;0.005867;0.000590;0.000246;0.000526;0.022393;0.000176;0.174010;0.505129;0.003315;0.005898
0.113647;0.006358;0.000404;0.003396;0.148294;0.002806;0.000491;0.000342;0.001936;0.008111;0.000323;0.259290;0.438542;0.013618;0.002442
0.347057;0.007958;0.000939;0.003263;0.057296;0.004073;0.001068;0.000902;0.005017;0.015131;0.000900;0.144252;0.347145;0.061180;0.003817
0.341820;0.023994;0.001020;0.005425;0.088934;0.003118;0.001068;0.000981;0.009146;0.015196;0.000832;0.130626;0.310457;0.058085;0.009297
0.434588;0.013587;0.000459;0.004540;0.202080;0.003982;0.000416;0.000694;0.004264;0.025607;0.000317;0.050041;0.232956;0.019189;0.007281
0.744801;0.000317;0.000693;0.000157;0.004319;0.193652;0.000596;0.006311;0.002733;0.028586;0.003887;0.005127;0.004484;0.001162;0.003175
0.833001;0.000591;0.000571;0.000197;0.006714;0.038600;0.000411;0.001252;0.010459;0.006494;0.012270;0.073168;0.013823;0.001283;0.001166
0.544702;0.003483;0.002219;0.001579;0.007554;0.022785;0.002467;0.020859;0.260532;0.051645;0.035415;0.026934;0.009017;0.005731;0.005080
0.641116;0.000485;0.001866;0.000332;0.027360;0.243119;0.002108;0.012311;0.001267;0.019512;0.012655;0.011034;0.022430;0.000902;0.003504
0.290874;0.000902;0.015308;0.000752;0.078007;0.368816;0.019872;0.009894;0.001866;0.028511;0.046208;0.048230;0.077314;0.001438;0.012009
0.286915;0.000241;0.002374;0.000358;0.131208;0.478725;0.002663;0.001885;0.000272;0.006365;0.002368;0.021635;0.063296;0.000281;0.001413
0.408271;0.001234;0.009174;0.000720;0.060477;0.107299;0.009143;0.010513;0.004205;0.021574;0.047862;0.222033;0.087905;0.001825;0.007765
0.171472;0.006717;0.008514;0.002943;0.118456;0.014823;0.009800;0.050236;0.005786;0.003822;0.094970;0.374120;0.125306;0.002799;0.010235
0.184698;0.008991;0.012390;0.004545;0.094822;0.011496;0.015484;0.063055;0.006449;0.005030;0.091171;0.298186;0.188236;0.004675;0.010772
0.407889;0.002370;0.019704;0.001859;0.061860;0.124820;0.020701;0.060728;0.003518;0.013949;0.170198;0.031466;0.066348;0.002472;0.012119
0.486213;0.001582;0.008317;0.001528;0.162390;0.193673;0.005925;0.009761;0.002088;0.017152;0.018307;0.021218;0.060221;0.001757;0.009868
0.546086;0.001154;0.003786;0.000666;0.098540;0.121730;0.002652;0.009341;0.003200;0.028364;0.033101;0.097811;0.047781;0.000902;0.004884
0.420667;0.000600;0.004739;0.000519;0.025326;0.409565;0.010712;0.028631;0.000951;0.002822;0.042255;0.022061;0.027524;0.000871;0.002757
0.312599;0.000407;0.001769;0.000468;0.094147;0.423591;0.004415;0.002109;0.000521;0.008380;0.002200;0.069684;0.077589;0.000508;0.001612
0.273254;0.000722;0.009365;0.000634;0.090022;0.403258;0.025023;0.017063;0.001302;0.048410;0.022084;0.036872;0.060703;0.000990;0.010298
0.341469;0.000182;0.000942;0.000232;0.047020;0.526772;0.002527;0.000680;0.000257;0.013441;0.000992;0.027126;0.037245;0.000214;0.000899
0.431121;0.000405;0.002610;0.000387;0.056099;0.330992;0.003924;0.004136;0.000776;0.018964;0.009732;0.085619;0.051484;0.000481;0.003270
0.378611;0.000281;0.002168;0.000363;0.107954;0.404475;0.002648;0.003014;0.000323;0.006892;0.003374;0.029740;0.057451;0.000336;0.002371
0.031994;0.003914;0.053840;0.002637;0.023528;0.007257;0.243876;0.097417;0.002387;0.003645;0.339695;0.132237;0.047868;0.002043;0.007662
0.023485;0.003449;0.013506;0.001187;0.004802;0.002984;0.032238;0.472579;0.010409;0.006066;0.364075;0.050683;0.008757;0.001285;0.004495
0.059384;0.005577;0.021370;0.001686;0.089423;0.015996;0.029835;0.050894;0.012850;0.015667;0.098211;0.466745;0.121849;0.002378;0.008135
0.256772;0.002392;0.002964;0.001139;0.076375;0.022995;0.005223;0.025781;0.003365;0.003138;0.052809;0.423393;0.119691;0.000968;0.002996
0.180987;0.016108;0.006776;0.001856;0.037516;0.011218;0.007811;0.021400;0.070916;0.003506;0.116630;0.392544;0.122573;0.005854;0.004305
0.615478;0.001048;0.002300;0.000540;0.075501;0.058517;0.002149;0.014783;0.002347;0.013686;0.021494;0.103517;0.085543;0.000725;0.002374
0.177539;0.001260;0.017730;0.001044;0.166694;0.333947;0.036753;0.027736;0.002472;0.041716;0.040767;0.040682;0.101111;0.001315;0.009233
0.230251;0.001757;0.015669;0.001196;0.057680;0.271517;0.049847;0.070993;0.005050;0.046775;0.110289;0.070262;0.056799;0.001924;0.009992
0.312070;0.000232;0.002862;0.000283;0.064027;0.469020;0.013609;0.004835;0.000340;0.015476;0.005881;0.045452;0.063100;0.000250;0.002561
0.732483;0.000791;0.001943;0.000418;0.023178;0.093388;0.001862;0.018475;0.004703;0.064565;0.025455;0.010130;0.016438;0.001278;0.004894
0.311272;0.002884;0.016192;0.001779;0.116071;0.175178;0.025176;0.058479;0.006470;0.123498;0.059375;0.033344;0.056460;0.003126;0.010696
0.308004;0.000642;0.007541;0.000547;0.104590;0.333782;0.011090;0.007449;0.001851;0.108161;0.013764;0.036232;0.060560;0.000884;0.004904
0.461545;0.032668;0.001477;0.005297;0.062260;0.003875;0.001528;0.002462;0.027595;0.032230;0.001228;0.088205;0.197873;0.054887;0.026869
0.176112;0.004728;0.001511;0.001307;0.020837;0.013731;0.002092;0.002543;0.107750;0.073097;0.002191;0.505762;0.076627;0.007119;0.004595
0.723118;0.002389;0.000890;0.000628;0.007001;0.016243;0.000787;0.003413;0.099931;0.075429;0.001830;0.045639;0.016308;0.003504;0.002891
0.841879;0.009801;0.000363;0.001116;0.005042;0.001587;0.000341;0.000559;0.016215;0.011537;0.000345;0.037805;0.031416;0.037614;0.004380
0.660681;0.002980;0.000291;0.000363;0.006300;0.009158;0.000310;0.003669;0.255426;0.017904;0.001299;0.026676;0.011522;0.002439;0.000982
0.537772;0.002944;0.001948;0.002198;0.096608;0.018753;0.002171;0.002008;0.003960;0.117857;0.001496;0.045283;0.143414;0.007124;0.016466
0.172651;0.030839;0.002423;0.070743;0.007277;0.003053;0.002883;0.002532;0.005801;0.027179;0.002273;0.005425;0.020014;0.204898;0.442010
0.121949;0.060380;0.001891;0.096164;0.006256;0.002689;0.002655;0.002850;0.007835;0.009896;0.002035;0.005280;0.018112;0.488318;0.173692
0.016031;0.014855;0.000579;0.011636;0.002142;0.000471;0.000424;0.000983;0.004028;0.009457;0.000372;0.000928;0.010846;0.192179;0.735070
0.357828;0.074191;0.002439;0.049432;0.012938;0.003671;0.003093;0.002675;0.007590;0.015002;0.002275;0.011383;0.049339;0.304132;0.104012
0.399048;0.015844;0.002492;0.012840;0.040827;0.004564;0.002855;0.001958;0.004802;0.017442;0.002289;0.053362;0.318780;0.100489;0.022408
0.353093;0.027282;0.002588;0.046414;0.032778;0.010226;0.003518;0.002914;0.005426;0.049023;0.002349;0.009355;0.107398;0.096038;0.251598
0.569720;0.002059;0.002295;0.000640;0.038099;0.026821;0.001189;0.003405;0.019635;0.061788;0.003085;0.177561;0.079345;0.003201;0.011157
0.720785;0.000750;0.000879;0.000558;0.040369;0.151973;0.000981;0.002919;0.002352;0.020532;0.001562;0.023128;0.028064;0.001285;0.003863
0.866922;0.000106;0.000129;0.000077;0.003695;0.090238;0.000131;0.000296;0.000933;0.010939;0.000581;0.019940;0.005171;0.000376;0.000468
0.914015;0.000384;0.000389;0.000148;0.006831;0.028215;0.000202;0.001595;0.004274;0.015299;0.001992;0.015171;0.009089;0.000958;0.001437
0.492901;0.000110;0.001103;0.000163;0.020893;0.434153;0.003824;0.001106;0.000117;0.002583;0.002368;0.012013;0.027570;0.000252;0.000844
0.890253;0.000595;0.000310;0.000213;0.009879;0.032912;0.000232;0.001144;0.006386;0.027680;0.001197;0.017995;0.008312;0.001175;0.001718
0.401585;0.011173;0.004226;0.001491;0.075910;0.008096;0.003361;0.032577;0.055112;0.019589;0.027283;0.215822;0.133000;0.004711;0.006063
0.768735;0.008116;0.001660;0.000898;0.025788;0.003981;0.000805;0.012829;0.020340;0.003655;0.028922;0.067639;0.050322;0.003472;0.002838
0.322725;0.097522;0.002169;0.014296;0.026838;0.002251;0.001721;0.003973;0.016325;0.007075;0.001697;0.018007;0.121858;0.324616;0.038928
0.522531;0.011927;0.006977;0.002769;0.026331;0.010586;0.002583;0.091980;0.045243;0.076979;0.066360;0.010519;0.029040;0.021323;0.074852
0.480896;0.003458;0.021930;0.002490;0.054841;0.019026;0.014406;0.033523;0.003121;0.007791;0.156315;0.039804;0.139509;0.003846;0.019045
0.746367;0.003069;0.009437;0.001893;0.035448;0.013655;0.003897;0.009699;0.003726;0.009828;0.029687;0.016408;0.081500;0.012158;0.023227
0.885150;0.000542;0.000686;0.000239;0.010309;0.045284;0.000419;0.003922;0.003991;0.019462;0.007098;0.010114;0.008229;0.001876;0.002678
0.466301;0.002938;0.020735;0.003069;0.033482;0.157548;0.018806;0.021519;0.003911;0.094099;0.041563;0.005469;0.036891;0.012858;0.080811
0.617736;0.001656;0.008575;0.001919;0.020019;0.179510;0.005078;0.016368;0.002535;0.036839;0.031332;0.002550;0.023155;0.009364;0.043364
0.433783;0.003726;0.033885;0.003286;0.039610;0.114164;0.033771;0.039762;0.005026;0.044121;0.087470;0.011049;0.045027;0.013821;0.091500
0.579125;0.001948;0.010025;0.002322;0.047726;0.217391;0.012911;0.028974;0.002332;0.006621;0.028077;0.005889;0.041977;0.003095;0.011588
0.373255;0.010384;0.004272;0.003899;0.008396;0.016934;0.002593;0.061467;0.045746;0.152538;0.008218;0.005953;0.017477;0.069953;0.218915
0.549373;0.002546;0.001892;0.001164;0.039589;0.041752;0.001684;0.002338;0.026686;0.082664;0.001924;0.163422;0.073413;0.005673;0.005881
0.523987;0.002947;0.001960;0.001382;0.054044;0.018793;0.001346;0.001589;0.011332;0.146214;0.001496;0.105924;0.107264;0.009946;0.011777
0.884206;0.000523;0.000369;0.000230;0.003114;0.023659;0.000309;0.002529;0.007075;0.059919;0.000869;0.008739;0.005375;0.000979;0.002106
0.515755;0.001149;0.002444;0.000536;0.031801;0.059797;0.001192;0.002137;0.018373;0.161191;0.003359;0.155337;0.038382;0.001900;0.006648
0.654903;0.002060;0.001974;0.001158;0.015837;0.052119;0.002243;0.006413;0.031686;0.129292;0.003249;0.056219;0.028312;0.004964;0.009572
0.557728;0.001431;0.001107;0.000482;0.011198;0.022168;0.000677;0.001479;0.069723;0.078366;0.003248;0.215390;0.029909;0.003412;0.003684
0.749305;0.000434;0.000592;0.000152;0.014361;0.154705;0.000390;0.000864;0.004824;0.040969;0.001219;0.019178;0.010960;0.001202;0.000847
0.396005;0.000972;0.001436;0.000354;0.009410;0.032310;0.002325;0.001983;0.020407;0.023103;0.009948;0.449263;0.048897;0.001839;0.001748
0.589873;0.000352;0.000686;0.000267;0.020319;0.166695;0.000743;0.002034;0.003481;0.056355;0.001650;0.137107;0.019023;0.000382;0.001034
0.401513;0.001069;0.002386;0.000655;0.019421;0.229359;0.003323;0.004779;0.024000;0.063027;0.008306;0.195793;0.042026;0.001522;0.002823
0.751355;0.001112;0.000481;0.000453;0.023938;0.022912;0.000485;0.001186;0.016230;0.035509;0.000884;0.114720;0.026981;0.001439;0.002315
0.456444;0.001904;0.001965;0.001109;0.055949;0.047368;0.002057;0.001660;0.010569;0.128443;0.002026;0.194693;0.085012;0.004124;0.006677
0.684480;0.002215;0.000869;0.000911;0.016867;0.016619;0.000929;0.001500;0.032947;0.055033;0.001216;0.122356;0.050977;0.008793;0.004288
0.507297;0.000474;0.001130;0.000384;0.017620;0.092501;0.001740;0.002755;0.005246;0.048710;0.002568;0.271172;0.045468;0.000865;0.002070
0.388727;0.000660;0.002758;0.000468;0.023995;0.155847;0.001828;0.008241;0.004041;0.354492;0.002446;0.018677;0.027478;0.001241;0.009100
0.285060;0.003046;0.008165;0.001704;0.019703;0.126029;0.004799;0.016788;0.047650;0.389995;0.035397;0.013051;0.023436;0.008708;0.016468
0.495359;0.001163;0.002406;0.000682;0.031099;0.091372;0.001786;0.005418;0.017120;0.159406;0.006669;0.139985;0.039386;0.001629;0.006520
0.515357;0.001146;0.000879;0.000405;0.018163;0.066119;0.000717;0.001837;0.020450;0.032872;0.004450;0.295424;0.037376;0.001500;0.003305
0.000013;0.982011;0.000500;0.000327;0.000030;0.000006;0.000054;0.000727;0.009619;0.000017;0.000078;0.000147;0.000299;0.006070;0.000101
0.000008;0.981292;0.000003;0.012874;0.000003;0.000001;0.000006;0.000399;0.001411;0.000009;0.000005;0.000003;0.000020;0.003877;0.000088
0.000005;0.991479;0.000106;0.000556;0.000017;0.000002;0.000018;0.000477;0.003497;0.000013;0.000025;0.000019;0.000066;0.003564;0.000155
0.000129;0.864921;0.000086;0.075733;0.000135;0.000013;0.000099;0.001579;0.003397;0.000171;0.000108;0.000049;0.000831;0.049099;0.003650
0.000363;0.704967;0.000116;0.245984;0.000198;0.000070;0.000159;0.000422;0.002489;0.000431;0.000148;0.000127;0.000622;0.036060;0.007842
0.000307;0.909886;0.000036;0.032204;0.000119;0.000020;0.000091;0.000543;0.004005;0.000132;0.000063;0.000100;0.000816;0.049454;0.002224
0.002139;0.683172;0.004299;0.001956;0.003889;0.000333;0.001192;0.002578;0.224215;0.001785;0.004887;0.025708;0.011006;0.031065;0.001777
0.002063;0.547500;0.009631;0.001964;0.005309;0.000476;0.003087;0.007151;0.255038;0.002857;0.006339;0.032723;0.022392;0.100069;0.003402
0.053052;0.412886;0.002615;0.006954;0.023164;0.001720;0.002569;0.003723;0.130345;0.008870;0.002001;0.082583;0.106974;0.157043;0.005503
0.079449;0.274065;0.003631;0.012989;0.058641;0.002906;0.003317;0.003343;0.041089;0.010111;0.002777;0.061383;0.226639;0.206296;0.013363
0.008013;0.535508;0.002990;0.002968;0.007969;0.000556;0.002364;0.002826;0.167604;0.003008;0.002046;0.042117;0.041101;0.177775;0.003156
0.000257;0.944979;0.000048;0.031861;0.000113;0.000034;0.000061;0.000290;0.007054;0.000061;0.000067;0.000079;0.000564;0.014076;0.000457
0.000549;0.845887;0.012608;0.001977;0.000605;0.000067;0.001758;0.010561;0.039408;0.000162;0.003113;0.002160;0.004190;0.075891;0.001064
0.000069;0.965954;0.000189;0.006005;0.000169;0.000010;0.000109;0.003970;0.004417;0.000072;0.000090;0.000106;0.000907;0.016243;0.001689
0.000164;0.769061;0.000652;0.005129;0.000190;0.000029;0.000229;0.007332;0.011594;0.000415;0.000116;0.000188;0.001420;0.198157;0.005324
0.002382;0.450298;0.009312;0.002851;0.003514;0.000589;0.002222;0.009122;0.180484;0.013862;0.001866;0.007032;0.010535;0.281413;0.024517
0.000342;0.840140;0.000249;0.005472;0.000403;0.000010;0.000137;0.000474;0.007037;0.000141;0.000131;0.000353;0.002464;0.141316;0.001329
0.000010;0.993891;0.000010;0.003946;0.000024;0.000001;0.000014;0.000024;0.000274;0.000004;0.000012;0.000014;0.000187;0.001564;0.000025
0.001975;0.641109;0.008608;0.002989;0.002407;0.001347;0.004711;0.012139;0.183996;0.011813;0.003151;0.005983;0.005241;0.106341;0.008188
0.002242;0.529651;0.008563;0.003637;0.002619;0.001693;0.006344;0.023376;0.209518;0.014608;0.002778;0.008114;0.005773;0.168763;0.012321
0.002271;0.640764;0.000939;0.110224;0.001017;0.000677;0.000873;0.002125;0.011739;0.002233;0.000797;0.000863;0.002025;0.149878;0.073573
0.000111;0.951077;0.000509;0.000674;0.000126;0.000070;0.000228;0.002997;0.023289;0.000746;0.000148;0.000152;0.000204;0.018928;0.000740
0.000074;0.930950;0.000457;0.000897;0.000083;0.000038;0.000196;0.002349;0.016811;0.000469;0.000093;0.000121;0.000194;0.046722;0.000545
0.000302;0.851881;0.000434;0.005206;0.000202;0.000080;0.000217;0.003468;0.018490;0.001511;0.000158;0.000179;0.000573;0.103674;0.013625
0.000025;0.979546;0.000033;0.001787;0.000023;0.000011;0.000031;0.002147;0.006780;0.000099;0.000023;0.000022;0.000073;0.008963;0.000437
0.000051;0.965469;0.000088;0.002287;0.000049;0.000019;0.000071;0.004013;0.008291;0.000165;0.000039;0.000049;0.000211;0.017570;0.001631
0.000076;0.929953;0.000165;0.001472;0.000071;0.000029;0.000103;0.001453;0.014241;0.000555;0.000056;0.000086;0.000253;0.051117;0.000369
0.000609;0.672905;0.000600;0.004872;0.000371;0.000182;0.000370;0.003057;0.035681;0.003389;0.000264;0.000378;0.001043;0.268402;0.007879
0.000338;0.710331;0.001759;0.004010;0.000394;0.000169;0.000573;0.009257;0.025634;0.001796;0.000282;0.000357;0.000903;0.141602;0.102595
0.000021;0.982930;0.000225;0.000462;0.000027;0.000012;0.000057;0.001537;0.010044;0.000062;0.000042;0.000068;0.000089;0.004225;0.000200
0.000031;0.970406;0.000054;0.000546;0.000056;0.000004;0.000019;0.000594;0.024453;0.000018;0.000034;0.000259;0.000223;0.003214;0.000090
0.000980;0.879246;0.001051;0.002669;0.000787;0.000441;0.000546;0.004102;0.078836;0.002003;0.000564;0.001170;0.001712;0.023626;0.002267
0.001392;0.916808;0.000148;0.011365;0.000310;0.000099;0.000159;0.001505;0.017629;0.000737;0.000177;0.000281;0.001014;0.042150;0.006228
0.012528;0.623593;0.001585;0.048704;0.002597;0.001369;0.001567;0.003422;0.028361;0.004486;0.001678;0.002579;0.004873;0.193313;0.069344
0.000271;0.960396;0.000081;0.004779;0.000096;0.000038;0.000064;0.000638;0.012962;0.000557;0.000070;0.000087;0.000295;0.018494;0.001171
0.043884;0.648083;0.000998;0.036595;0.002721;0.000842;0.001129;0.001104;0.023723;0.004996;0.001088;0.002335;0.005248;0.212649;0.014605
0.000832;0.964991;0.000064;0.009221;0.000162;0.000040;0.000086;0.000796;0.010537;0.000250;0.000103;0.000171;0.000563;0.010652;0.001532
0.000599;0.861265;0.000169;0.067774;0.000187;0.000107;0.000185;0.000624;0.004273;0.000536;0.000227;0.000158;0.000427;0.053348;0.010121
0.001577;0.813454;0.000159;0.031208;0.000332;0.000063;0.000199;0.000561;0.008144;0.000593;0.000255;0.000319;0.001329;0.138266;0.003542
0.003813;0.891383;0.000322;0.003532;0.000746;0.000255;0.000299;0.001846;0.055290;0.001252;0.000288;0.001002;0.002951;0.035312;0.001710
0.000279;0.962627;0.000148;0.002772;0.000208;0.000027;0.000077;0.002602;0.013871;0.000123;0.000095;0.000206;0.000985;0.014568;0.001412
0.000025;0.994859;0.000017;0.001930;0.000030;0.000001;0.000010;0.000238;0.001644;0.000008;0.000020;0.000014;0.000126;0.001028;0.000051
0.003575;0.748138;0.000793;0.082765;0.001068;0.000804;0.000803;0.004087;0.028578;0.002541;0.000715;0.000934;0.001789;0.061266;0.062145
0.021777;0.533911;0.000834;0.056450;0.001731;0.000728;0.000970;0.002589;0.018344;0.005368;0.001064;0.001549;0.004393;0.294306;0.055986
0.011142;0.225597;0.003348;0.029665;0.004460;0.002672;0.002601;0.007534;0.040400;0.009487;0.002900;0.003507;0.006476;0.261411;0.388800
0.000091;0.969297;0.000037;0.006571;0.000033;0.000010;0.000032;0.000512;0.004169;0.000306;0.000044;0.000028;0.000107;0.017405;0.001358
0.001679;0.730063;0.001158;0.056332;0.001109;0.000800;0.000905;0.003723;0.011260;0.002592;0.000906;0.000886;0.001449;0.084336;0.102802
0.000343;0.925689;0.000103;0.017250;0.000129;0.000028;0.000090;0.000380;0.004236;0.000268;0.000120;0.000127;0.000489;0.048622;0.002124
0.000155;0.969059;0.000017;0.010410;0.000064;0.000006;0.000042;0.000054;0.003289;0.000054;0.000024;0.000076;0.000544;0.015680;0.000527
0.000243;0.914704;0.000026;0.032194;0.000096;0.000008;0.000071;0.000170;0.002980;0.000148;0.000049;0.000070;0.000697;0.047576;0.000968
0.000167;0.919966;0.000020;0.049359;0.000032;0.000008;0.000038;0.000177;0.002698;0.000175;0.000031;0.000018;0.000175;0.026419;0.000718
0.000192;0.935473;0.000012;0.038272;0.000046;0.000006;0.000038;0.000076;0.001857;0.000057;0.000029;0.000040;0.000352;0.023403;0.000146
0.000082;0.955607;0.000005;0.021787;0.000017;0.000003;0.000022;0.000054;0.002204;0.000040;0.000012;0.000016;0.000151;0.019795;0.000204
0.000236;0.922489;0.000012;0.047449;0.000040;0.000007;0.000043;0.000156;0.002870;0.000091;0.000020;0.000048;0.000337;0.025816;0.000385
0.003247;0.348769;0.091723;0.003794;0.003037;0.002201;0.012157;0.041086;0.246148;0.007350;0.035134;0.006527;0.004471;0.176935;0.017422
0.000724;0.318501;0.014213;0.001293;0.000607;0.000227;0.001671;0.058238;0.559961;0.000565;0.020540;0.003911;0.001308;0.016080;0.002160
0.000599;0.566111;0.009907;0.001359;0.000567;0.000247;0.001134;0.035076;0.341701;0.000612;0.011721;0.002321;0.001018;0.024746;0.002880
0.000926;0.208896;0.073101;0.001418;0.001418;0.000506;0.005681;0.177753;0.456727;0.001839;0.032875;0.007448;0.002574;0.021832;0.007006
0.000867;0.103890;0.063506;0.001149;0.001450;0.000602;0.008271;0.400379;0.311694;0.001813;0.071277;0.026912;0.002780;0.003142;0.002268
0.000094;0.951349;0.000345;0.001499;0.000322;0.000023;0.000215;0.002278;0.013058;0.000166;0.000047;0.000679;0.003087;0.024404;0.002435
0.000043;0.989314;0.000010;0.002796;0.000013;0.000007;0.000011;0.000275;0.005291;0.000059;0.000011;0.000016;0.000048;0.001796;0.000310
0.000034;0.982075;0.000051;0.000503;0.000043;0.000014;0.000053;0.000173;0.010246;0.000175;0.000029;0.000190;0.000178;0.006111;0.000124
0.000030;0.990210;0.000018;0.000572;0.000023;0.000009;0.000021;0.000080;0.006689;0.000193;0.000017;0.000061;0.000067;0.001929;0.000082
0.000176;0.918840;0.000168;0.001038;0.000113;0.000049;0.000135;0.000506;0.016683;0.001919;0.000087;0.000439;0.000383;0.059046;0.000418
0.003124;0.760980;0.003145;0.003620;0.002391;0.001340;0.001411;0.005984;0.129858;0.009938;0.002224;0.003286;0.004075;0.060921;0.007702
0.000382;0.951270;0.000213;0.002541;0.000217;0.000109;0.000132;0.002319;0.025381;0.000956;0.000148;0.000219;0.000505;0.013624;0.001983
0.000160;0.944644;0.000061;0.003646;0.000073;0.000014;0.000053;0.000175;0.005210;0.000487;0.000043;0.000079;0.000260;0.044496;0.000600
0.000067;0.954612;0.000059;0.001132;0.000039;0.000011;0.000035;0.000303;0.005853;0.000335;0.000029;0.000067;0.000123;0.037169;0.000165
0.000061;0.921598;0.000086;0.001217;0.000052;0.000011;0.000092;0.000803;0.008461;0.000562;0.000032;0.000112;0.000302;0.066379;0.000231
0.000110;0.930761;0.000433;0.001249;0.000212;0.000044;0.000235;0.001987;0.019027;0.001513;0.000079;0.000257;0.000760;0.041533;0.001802
0.001611;0.061074;0.201038;0.001781;0.001747;0.001452;0.010245;0.308772;0.303306;0.003561;0.085464;0.003588;0.001886;0.010034;0.004439
0.000319;0.762663;0.021114;0.001615;0.000492;0.000206;0.002616;0.025376;0.146976;0.001171;0.001924;0.002461;0.001481;0.029299;0.002289
0.000146;0.964191;0.000104;0.001395;0.000100;0.000040;0.000069;0.000508;0.014822;0.001430;0.000067;0.000128;0.000252;0.016304;0.000443
0.000245;0.977069;0.000051;0.003167;0.000089;0.000027;0.000046;0.000898;0.011439;0.000333;0.000056;0.000091;0.000323;0.005438;0.000727
0.000030;0.988498;0.000018;0.001367;0.000018;0.000004;0.000015;0.000362;0.004072;0.000112;0.000012;0.000021;0.000098;0.005153;0.000219
0.000108;0.984578;0.000027;0.000706;0.000091;0.000008;0.000051;0.000138;0.005896;0.000160;0.000023;0.000637;0.000678;0.006764;0.000135
0.000281;0.952097;0.000081;0.001879;0.000090;0.000024;0.000059;0.000355;0.010373;0.000594;0.000059;0.000156;0.000337;0.033313;0.000302
0.000060;0.971107;0.000060;0.000886;0.000041;0.000013;0.000057;0.000734;0.008450;0.000587;0.000031;0.000103;0.000172;0.017524;0.000175
0.001450;0.362454;0.009991;0.005309;0.003570;0.000563;0.002981;0.013210;0.046546;0.005518;0.000836;0.004963;0.030091;0.439128;0.073391
0.002674;0.067810;0.157843;0.002306;0.005130;0.002027;0.034127;0.029303;0.477842;0.019828;0.099366;0.028712;0.009129;0.040254;0.023648
0.000642;0.409506;0.001159;0.004537;0.000981;0.000177;0.001194;0.006180;0.043722;0.004443;0.000229;0.001225;0.006002;0.443006;0.076998
0.000181;0.960675;0.000068;0.006288;0.000083;0.000037;0.000070;0.001719;0.014416;0.000251;0.000057;0.000089;0.000330;0.014206;0.001530
0.001168;0.663498;0.000253;0.007771;0.000368;0.000066;0.000239;0.000697;0.010553;0.001970;0.000182;0.000525;0.001846;0.307483;0.003381
0.009139;0.566776;0.001072;0.005030;0.004257;0.000286;0.000896;0.003716;0.040305;0.003682;0.000557;0.009680;0.021978;0.311629;0.020997
0.000108;0.781716;0.000450;0.001939;0.000143;0.000025;0.000201;0.001425;0.015132;0.000765;0.000076;0.000231;0.000759;0.194173;0.002856
0.002104;0.352373;0.050154;0.003139;0.001850;0.001348;0.006536;0.142429;0.302616;0.003086;0.023491;0.003951;0.002946;0.094723;0.009255
0.000870;0.618353;0.027481;0.001919;0.001179;0.000487;0.003314;0.023358;0.231944;0.001391;0.012106;0.003887;0.003111;0.067051;0.003548
0.000999;0.575423;0.037233;0.002132;0.001449;0.000571;0.006017;0.074737;0.208149;0.002281;0.006018;0.008971;0.006744;0.062139;0.007136
0.000737;0.514423;0.024997;0.003044;0.002406;0.000384;0.009455;0.011274;0.067962;0.007937;0.000939;0.007917;0.013322;0.309082;0.026121
0.000759;0.767394;0.004729;0.002319;0.002071;0.000269;0.001820;0.007371;0.097865;0.004589;0.000705;0.004754;0.007259;0.086248;0.011849
0.039093;0.002644;0.076341;0.001947;0.066607;0.116166;0.253809;0.074671;0.009031;0.118025;0.145521;0.023537;0.048789;0.003062;0.020757
0.011145;0.001739;0.049381;0.001370;0.063098;0.160898;0.311760;0.016141;0.005683;0.068883;0.029432;0.199106;0.067294;0.001662;0.012409
0.008372;0.001000;0.032302;0.001014;0.069376;0.086183;0.486591;0.012329;0.001945;0.022296;0.026255;0.151565;0.092770;0.000856;0.007146
0.002923;0.000809;0.158438;0.001072;0.033056;0.023514;0.598831;0.022804;0.002327;0.033329;0.034348;0.036313;0.036631;0.000851;0.014755
0.003862;0.001853;0.087130;0.001837;0.083642;0.022941;0.382617;0.005194;0.003451;0.101833;0.006850;0.101081;0.165917;0.002978;0.028815
0.001090;0.001472;0.317842;0.001186;0.004429;0.005718;0.424177;0.068100;0.015899;0.065847;0.044670;0.007742;0.004986;0.002185;0.034659
0.004549;0.001010;0.132742;0.001068;0.048141;0.066386;0.555218;0.024640;0.002583;0.053882;0.038869;0.023809;0.030334;0.000966;0.015802
0.001377;0.000830;0.119288;0.000927;0.008888;0.012674;0.729120;0.012659;0.003460;0.017790;0.045118;0.022831;0.012287;0.000875;0.011875
0.001700;0.000523;0.119025;0.000769;0.034113;0.059134;0.631222;0.023628;0.001782;0.049456;0.018713;0.025762;0.019779;0.000506;0.013889
0.000706;0.000534;0.270289;0.000866;0.014319;0.008595;0.623413;0.015135;0.001113;0.011110;0.012584;0.010888;0.013562;0.000567;0.016319
0.000709;0.000720;0.247440;0.000943;0.006756;0.005777;0.647687;0.014984;0.002263;0.013014;0.023793;0.009078;0.008872;0.001052;0.016912
0.001102;0.000451;0.052515;0.000699;0.011451;0.015173;0.809620;0.004575;0.001362;0.009716;0.014167;0.057057;0.016062;0.000445;0.005605
0.006649;0.001750;0.136140;0.001271;0.024112;0.036905;0.435994;0.048206;0.011378;0.141852;0.063219;0.032540;0.030518;0.002701;0.026765
0.004732;0.001382;0.166160;0.001288;0.050751;0.021237;0.460596;0.014538;0.003263;0.056952;0.016523;0.090027;0.073224;0.002173;0.037154
0.002601;0.005961;0.039717;0.002882;0.045924;0.002740;0.134837;0.003780;0.003920;0.022222;0.002144;0.094654;0.583877;0.019524;0.035217
0.002351;0.000798;0.181172;0.001088;0.017835;0.015238;0.642391;0.007525;0.002019;0.019834;0.036744;0.027878;0.026920;0.001276;0.016930
0.006883;0.001571;0.135515;0.001348;0.033758;0.030311;0.404327;0.032765;0.006897;0.118973;0.027712;0.081392;0.088548;0.003159;0.026841
0.001824;0.004100;0.215132;0.001348;0.008589;0.006919;0.365231;0.035312;0.039960;0.016747;0.252260;0.019550;0.015860;0.003063;0.014105
0.004175;0.000734;0.091065;0.000880;0.035211;0.045982;0.632634;0.013594;0.001984;0.061229;0.032359;0.027617;0.041378;0.000949;0.010207
0.019186;0.000811;0.034009;0.000816;0.088560;0.190332;0.267290;0.013744;0.002659;0.149580;0.023483;0.115257;0.082994;0.000864;0.010415
0.003466;0.000688;0.039552;0.000834;0.037523;0.080878;0.628692;0.009089;0.002085;0.044331;0.015603;0.077696;0.050749;0.000699;0.008114
0.010120;0.001141;0.042920;0.001118;0.136815;0.165797;0.325066;0.010551;0.003212;0.049278;0.028878;0.111438;0.101435;0.001123;0.011106
0.033987;0.000999;0.024689;0.000910;0.208850;0.216013;0.101664;0.014965;0.003065;0.131868;0.015083;0.105449;0.126807;0.000952;0.014699
0.018673;0.000806;0.026410;0.000905;0.083337;0.329687;0.244832;0.008517;0.001618;0.092390;0.009643;0.084939;0.088153;0.000884;0.009207
0.004955;0.000785;0.062959;0.000916;0.037548;0.071394;0.525791;0.007576;0.002635;0.151168;0.029652;0.035522;0.055683;0.001174;0.012242
0.006330;0.000827;0.086093;0.001025;0.036273;0.106937;0.315574;0.009690;0.001678;0.355279;0.012859;0.009806;0.034721;0.001347;0.021559
0.040555;0.002554;0.025105;0.001969;0.059824;0.035630;0.011936;0.009977;0.004238;0.572265;0.003758;0.009960;0.104225;0.009278;0.108727
0.011753;0.001083;0.062780;0.001127;0.156888;0.119622;0.141077;0.007660;0.001750;0.339517;0.008828;0.021632;0.104668;0.001454;0.020161
0.022218;0.001201;0.037329;0.000886;0.159867;0.077870;0.054249;0.009256;0.003900;0.276085;0.009160;0.118875;0.199265;0.001429;0.028411
0.036033;0.001224;0.043650;0.001016;0.170455;0.120041;0.085430;0.018214;0.004275;0.274738;0.022996;0.051451;0.152310;0.001655;0.016511
0.005559;0.001609;0.063550;0.001534;0.061338;0.046686;0.346864;0.005853;0.003465;0.166671;0.008162;0.146990;0.120556;0.002148;0.019013
0.014924;0.000793;0.078711;0.000899;0.080293;0.122799;0.401718;0.009150;0.001427;0.134905;0.020048;0.036016;0.075982;0.001264;0.021069
0.040005;0.001623;0.028943;0.001463;0.036449;0.169215;0.051698;0.018559;0.003966;0.494921;0.016543;0.011747;0.044612;0.004623;0.075632
0.003268;0.001455;0.164418;0.001244;0.019568;0.018636;0.535427;0.014015;0.005203;0.104365;0.052767;0.025880;0.026914;0.002140;0.024699
0.006356;0.000617;0.063247;0.000871;0.045038;0.112677;0.503904;0.014946;0.001529;0.126955;0.024139;0.026299;0.054097;0.000880;0.018446
0.032725;0.001018;0.047920;0.000963;0.170851;0.104755;0.191775;0.009140;0.001930;0.154711;0.022086;0.078349;0.164551;0.001565;0.017663
0.000359;0.000426;0.540110;0.000690;0.001155;0.004431;0.376218;0.027016;0.001297;0.012006;0.020614;0.000775;0.001738;0.000942;0.012224
0.000081;0.000327;0.756913;0.000492;0.000150;0.000205;0.031509;0.182120;0.002067;0.000747;0.015950;0.000121;0.000243;0.000839;0.008238
0.000070;0.000241;0.909227;0.000474;0.000118;0.000157;0.066583;0.013947;0.000402;0.000661;0.001753;0.000083;0.000174;0.001022;0.005086
0.000260;0.000522;0.695428;0.000915;0.000728;0.000917;0.181910;0.076813;0.001689;0.004125;0.006525;0.001032;0.001187;0.001209;0.026740
0.000113;0.000239;0.742375;0.000565;0.000270;0.000240;0.210892;0.029650;0.000522;0.000669;0.009433;0.000350;0.000402;0.000338;0.003942
0.000099;0.000171;0.811062;0.000504;0.000197;0.000366;0.145941;0.028494;0.000342;0.001646;0.004094;0.000155;0.000343;0.000399;0.006189
0.000088;0.000356;0.870919;0.000561;0.000205;0.000169;0.098515;0.019626;0.000570;0.000736;0.002579;0.000223;0.000269;0.000431;0.004752
0.000029;0.001641;0.940887;0.000578;0.000067;0.000053;0.008520;0.038740;0.003017;0.000414;0.002022;0.000085;0.000126;0.001113;0.002708
0.000062;0.003703;0.963295;0.000711;0.000109;0.000078;0.005450;0.012336;0.002742;0.000616;0.002601;0.000086;0.000217;0.002936;0.005059
0.000141;0.001699;0.806126;0.000720;0.000420;0.000324;0.036369;0.091251;0.005195;0.001547;0.042348;0.000393;0.000798;0.002210;0.010458
0.000104;0.001709;0.797206;0.000611;0.000193;0.000201;0.019173;0.137247;0.007300;0.001069;0.023649;0.000195;0.000354;0.002802;0.008187
0.000086;0.000213;0.793414;0.000524;0.000190;0.000210;0.176104;0.019180;0.000426;0.001122;0.001556;0.000151;0.000233;0.000621;0.005972
0.000055;0.000266;0.922867;0.000445;0.000088;0.000125;0.022386;0.042706;0.000838;0.000514;0.003004;0.000074;0.000138;0.000912;0.005582
0.000030;0.000705;0.967895;0.000619;0.000051;0.000049;0.018609;0.006846;0.001854;0.000287;0.000667;0.000080;0.000081;0.000520;0.001708
0.000056;0.000181;0.934749;0.000416;0.000084;0.000098;0.046913;0.012941;0.000319;0.000274;0.001138;0.000082;0.000111;0.000429;0.002209
0.000018;0.000098;0.873739;0.000446;0.000048;0.000048;0.113026;0.007601;0.000196;0.000379;0.001209;0.000048;0.000074;0.000234;0.002835
0.000066;0.000186;0.948055;0.000407;0.000117;0.000134;0.025685;0.015037;0.000311;0.000683;0.001359;0.000071;0.000141;0.000695;0.007053
0.000196;0.000295;0.818138;0.000766;0.000463;0.000667;0.112601;0.033332;0.000612;0.002745;0.005646;0.000365;0.000623;0.000562;0.022991
0.000528;0.001060;0.860204;0.000785;0.000908;0.002168;0.034593;0.029335;0.004137;0.023767;0.007715;0.000509;0.001397;0.010583;0.022312
0.001363;0.001190;0.680652;0.000969;0.001763;0.005683;0.082589;0.129502;0.003924;0.029042;0.020229;0.000853;0.002709;0.010989;0.028544
0.000176;0.000536;0.714079;0.000535;0.000362;0.000645;0.034446;0.189628;0.001591;0.001999;0.038157;0.000170;0.000568;0.002834;0.014272
0.001729;0.001514;0.278781;0.000927;0.002173;0.008967;0.038779;0.444603;0.009136;0.026000;0.109297;0.000905;0.002634;0.011626;0.062928
0.000279;0.000369;0.728735;0.000687;0.000933;0.003104;0.204270;0.017990;0.001189;0.007520;0.014280;0.000395;0.001585;0.001827;0.016838
0.000436;0.001513;0.745889;0.000820;0.000953;0.001608;0.044668;0.113995;0.008161;0.004200;0.042896;0.000535;0.001384;0.008712;0.024232
0.000487;0.000580;0.844377;0.000728;0.000851;0.002654;0.045292;0.048888;0.002023;0.011578;0.013315;0.000440;0.001201;0.004334;0.023252
0.000087;0.000362;0.932788;0.000541;0.000193;0.000243;0.031030;0.021627;0.000794;0.000659;0.004138;0.000121;0.000275;0.001507;0.005636
0.000470;0.000504;0.809094;0.000684;0.000751;0.001810;0.099779;0.040321;0.001063;0.006342;0.021664;0.000390;0.001775;0.001908;0.013444
0.001419;0.001882;0.313685;0.000855;0.001529;0.002324;0.057078;0.378093;0.009135;0.004756;0.203395;0.000862;0.003512;0.004427;0.017048
0.000250;0.000710;0.851248;0.000727;0.000532;0.000877;0.072316;0.031543;0.002314;0.001994;0.024257;0.000308;0.000859;0.002457;0.009609
0.000192;0.000879;0.773621;0.000576;0.000474;0.000801;0.036269;0.134416;0.004038;0.003184;0.026923;0.000277;0.000694;0.002934;0.014722
0.000408;0.001788;0.584638;0.001080;0.001201;0.000575;0.276974;0.068578;0.002188;0.001828;0.043899;0.007207;0.002127;0.000639;0.006872
0.000917;0.002834;0.526744;0.001581;0.005973;0.001329;0.337565;0.044473;0.002682;0.004411;0.022753;0.027027;0.009634;0.001126;0.010953
0.000894;0.003517;0.277021;0.001057;0.002274;0.001142;0.148891;0.346550;0.007376;0.003648;0.178247;0.019606;0.003604;0.001031;0.005142
0.000818;0.001694;0.475985;0.001123;0.002106;0.001443;0.331815;0.098878;0.002804;0.003037;0.057318;0.008708;0.002873;0.000942;0.010455
0.002843;0.003011;0.240273;0.001715;0.003978;0.003221;0.112117;0.400247;0.008635;0.007294;0.176072;0.007124;0.006234;0.002385;0.024852
0.002815;0.002520;0.110464;0.001149;0.003889;0.004672;0.077949;0.464849;0.009218;0.009740;0.281401;0.008388;0.005488;0.001780;0.015678
0.001070;0.007721;0.543388;0.001496;0.001856;0.001312;0.027942;0.077191;0.019966;0.003364;0.278411;0.002207;0.002651;0.007897;0.023527
0.003683;0.014563;0.115982;0.002588;0.006255;0.003005;0.055906;0.054050;0.114193;0.006663;0.536422;0.047242;0.013044;0.009227;0.017178
0.003185;0.004907;0.250007;0.001870;0.006259;0.002778;0.169462;0.088016;0.011424;0.005897;0.377358;0.040627;0.013782;0.002579;0.021850
0.001422;0.003051;0.283016;0.001245;0.004739;0.001782;0.206087;0.133033;0.003277;0.003652;0.315886;0.024673;0.007184;0.001025;0.009927
0.000283;0.002867;0.229528;0.000531;0.000564;0.000514;0.013603;0.616275;0.009370;0.001686;0.105234;0.000393;0.000525;0.002163;0.016464
0.002729;0.003339;0.299880;0.001753;0.003501;0.002589;0.054961;0.292577;0.004283;0.004675;0.296646;0.003076;0.006816;0.002597;0.020579
0.000157;0.002108;0.763588;0.000779;0.000469;0.000248;0.034004;0.141441;0.005041;0.001005;0.035284;0.000513;0.000506;0.000884;0.013973
0.000798;0.002392;0.282290;0.001105;0.001462;0.001058;0.095901;0.340786;0.004367;0.002498;0.246784;0.002818;0.002553;0.001500;0.013689
0.000389;0.002879;0.740529;0.000962;0.001124;0.000572;0.069314;0.085665;0.005245;0.001807;0.070440;0.002297;0.001747;0.001295;0.015735
0.001390;0.003822;0.194908;0.001582;0.004581;0.002042;0.141169;0.109692;0.004583;0.003190;0.483227;0.034914;0.006949;0.001244;0.006708
0.000288;0.001573;0.376699;0.000897;0.001167;0.000491;0.296652;0.122174;0.002243;0.001448;0.176563;0.011354;0.002282;0.000495;0.005677
0.000376;0.001383;0.454614;0.000977;0.001008;0.000646;0.445797;0.054547;0.002976;0.001916;0.022841;0.004104;0.001452;0.000717;0.006646
0.000529;0.002392;0.564252;0.001043;0.001572;0.001521;0.109238;0.060668;0.019060;0.006559;0.196134;0.002015;0.002726;0.003663;0.028627
0.000786;0.001479;0.469291;0.000943;0.002684;0.004389;0.323200;0.054305;0.008318;0.066017;0.037894;0.002774;0.003899;0.002911;0.021109
0.002773;0.011206;0.315062;0.002003;0.005773;0.003838;0.121613;0.110146;0.114725;0.031467;0.217087;0.014207;0.009685;0.011451;0.028963
0.001581;0.008061;0.569737;0.001556;0.002313;0.001689;0.069720;0.128237;0.029188;0.007413;0.142616;0.004211;0.004225;0.009869;0.019584
0.000775;0.001124;0.360204;0.000963;0.001539;0.003718;0.392130;0.104899;0.009468;0.016133;0.088585;0.002051;0.002294;0.002609;0.013509
0.001500;0.001598;0.378135;0.001322;0.003515;0.004908;0.403998;0.061206;0.006361;0.010366;0.098705;0.003860;0.004201;0.002514;0.017810
0.000606;0.007283;0.305595;0.000792;0.001102;0.000707;0.013324;0.461847;0.072937;0.005944;0.089511;0.001788;0.001597;0.007040;0.029926
0.000487;0.004023;0.565629;0.001041;0.000912;0.000618;0.046288;0.255512;0.033873;0.008301;0.042309;0.001258;0.001761;0.005361;0.032626
0.001905;0.010067;0.480720;0.002073;0.003502;0.002264;0.030995;0.094881;0.059681;0.044306;0.047935;0.003183;0.004562;0.018207;0.195720
0.001419;0.016328;0.568242;0.001902;0.003750;0.001654;0.085221;0.064833;0.124033;0.018886;0.069350;0.004710;0.005163;0.010268;0.024241
0.001166;0.009168;0.574615;0.001416;0.003050;0.001600;0.086785;0.126766;0.053672;0.014231;0.073300;0.003343;0.004414;0.010132;0.036342
0.001050;0.004311;0.577367;0.001317;0.002255;0.002364;0.096861;0.129740;0.051551;0.020930;0.075598;0.002444;0.003079;0.006167;0.024966
0.000398;0.000829;0.842992;0.001264;0.000745;0.001315;0.024990;0.016759;0.000956;0.006206;0.003134;0.000414;0.001369;0.020795;0.077836
0.000272;0.001077;0.865528;0.001063;0.000609;0.000837;0.013720;0.027733;0.001115;0.002601;0.003810;0.000295;0.001309;0.020452;0.059579
0.000483;0.001459;0.811601;0.001094;0.001084;0.001353;0.019828;0.028977;0.003689;0.006419;0.012485;0.000484;0.001865;0.021033;0.088147
0.000597;0.001412;0.767132;0.000940;0.000875;0.001245;0.020304;0.059127;0.004421;0.005941;0.010921;0.000555;0.001251;0.019452;0.105826
0.000476;0.000635;0.845464;0.000841;0.001049;0.001923;0.030402;0.034634;0.001629;0.010964;0.007008;0.000513;0.001112;0.004778;0.058573
0.000650;0.000887;0.731501;0.001105;0.001181;0.002210;0.022893;0.029472;0.001085;0.005962;0.005604;0.000574;0.001796;0.024197;0.170882
0.004534;0.001683;0.000010;0.901405;0.000025;0.000906;0.000018;0.001258;0.001870;0.001685;0.000009;0.000031;0.000043;0.000211;0.086310
0.001517;0.000413;0.000005;0.988786;0.000018;0.000938;0.000025;0.000597;0.001683;0.000997;0.000004;0.000029;0.000011;0.000053;0.004924
0.002253;0.000402;0.000002;0.992231;0.000020;0.000572;0.000005;0.000443;0.000768;0.000840;0.000002;0.000015;0.000009;0.000044;0.002393
0.003227;0.000969;0.000001;0.992430;0.000011;0.000190;0.000004;0.000215;0.000941;0.000344;0.000001;0.000010;0.000004;0.000061;0.001591
0.001058;0.000138;0.000001;0.996575;0.000010;0.000249;0.000004;0.000095;0.000319;0.000471;0.000001;0.000005;0.000004;0.000028;0.001044
0.005362;0.000112;0.000006;0.983360;0.000017;0.005184;0.000017;0.000527;0.000365;0.002981;0.000005;0.000009;0.000077;0.000037;0.001941
0.003480;0.000117;0.000001;0.994568;0.000004;0.000318;0.000001;0.000144;0.000217;0.000712;0.000000;0.000004;0.000011;0.000037;0.000386
0.001644;0.000162;0.000003;0.994277;0.000022;0.001569;0.000022;0.000142;0.000625;0.001185;0.000002;0.000017;0.000017;0.000015;0.000300
0.002577;0.011136;0.000005;0.975039;0.000010;0.000140;0.000015;0.000142;0.000890;0.000574;0.000010;0.000024;0.000057;0.003164;0.006215
0.002427;0.000889;0.000002;0.990064;0.000004;0.000161;0.000003;0.000259;0.001796;0.000393;0.000002;0.000043;0.000007;0.000067;0.003884
0.001597;0.000092;0.000001;0.996142;0.000004;0.000174;0.000001;0.000146;0.000734;0.000423;0.000001;0.000007;0.000008;0.000023;0.000645
0.006138;0.000547;0.000062;0.974029;0.000128;0.007560;0.000115;0.001537;0.005319;0.004032;0.000052;0.000063;0.000188;0.000083;0.000149
0.003364;0.025386;0.000045;0.933502;0.000071;0.000121;0.000062;0.000500;0.004387;0.000494;0.000087;0.000053;0.000135;0.010396;0.021398
0.001855;0.450102;0.001899;0.104349;0.001231;0.000321;0.000894;0.001339;0.006063;0.002068;0.001659;0.000978;0.003131;0.403321;0.020790
